Version	GM v 3.0							
Kit type:	MICROSATELLITE							
Chemistry Kit	GenePrint_24_POP7_Panels_v1.0	null						
Panel	GenePrint_24_POP7_Panels_v1.0	null						
AMEL	blue	78	91	1, 2	6	none	1, 2
D3S1358	blue	92	152	17,18	4	none	9, 10, 11, 12, 13, 14, 15, 16, 17, 18, 19, 20
D1S1656	blue	153	210	12,13	4	none	9, 10, 11, 12, 13, 14, 14.3, 15, 15.3, 16, 16.3, 17, 17.3, 18, 18.3, 19, 19.3, 20.3
D2S441	blue	210.5	250	10,14	4	none	8, 9, 10, 11, 11.3, 12, 13, 14, 15, 16, 17
D10S1248	blue	251	297	13,15	4	none	"8, 9, 10, 11, 12, 13, 14, 15, 16, 17, 18, 19
D13S317	blue	298	353	9,11	4	none	5, 6, 7, 8, 9, 10, 11, 12, 13, 14, 15, 16, 17
Penta E	blue	357	478	7,14	5	none	5, 6, 7, 8, 9, 10, 11, 12, 13, 14, 15, 16, 17, 18, 19, 20, 21, 22, 23, 24
D16S539	green	71	130	9,13	4	none	4, 5, 6, 7, 8, 9, 10, 11, 12, 13, 14, 15, 16
D18S51	green	130.1	220.5	16,18	4	none	7, 8, 9, 10, 10.2, 11, 12, 13, 13.2, 14, 15, 16, 17, 18, 19, 20, 21, 22, 23, 24, 25, 26, 27
D2S1338	green	222	307	22,25	4	none	10, 12, 14, 15, 16, 17, 18, 19, 20, 21, 22, 23, 24, 25, 26, 27, 28
CSF1PO	green	312	366	12	4	none	5, 6, 7, 8, 9, 10, 11, 12, 13, 14, 15, 16
Penta D	green	376	468	12,13	5	none	2.2, 3.2, 5, 6, 7, 8, 9, 10, 11, 12, 13, 14, 15, 16, 17
TH01	yellow	66	121	6,9.3	4	none	3, 4, 5, 6, 7, 8, 9, 9.3, 10, 11, 13.3
vWA	yellow	123	194	16,19	4	none	10, 11, 12, 13, 14, 15, 16, 17, 18, 19, 20, 21, 22, 23, 24
D21S11	yellow	198	268	29,31.2	4	none	24, 24.2, 25, 25.2, 26, 27, 28, 28.2, 29, 29.2, 30, 30.2, 31, 31.2, 32, 32.2, 33, 33.2, 34, 34.2, 35, 35.2, 36, 37, 38
D7S820	yellow	270	318.5	8,11	4	none	5, 6, 7, 8, 9, 10, 11, 12, 13, 14, 15, 16
D5S818	yellow	319	382	12	4	none	6, 7, 8, 9, 10, 11, 12, 13, 14, 15, 16, 17, 18
TPOX	yellow	390	446	11	4	none	4, 5, 6, 7, 8, 9, 10, 11, 12, 13, 14, 15, 16
DYS391	yellow	447	498	10	4	none	5, 6, 7, 8, 9, 10, 11, 12, 13, 14, 15, 16
D8S1179	red	68	132.7	14,15	4	none	7, 8, 9, 10, 11, 12, 13, 14, 15, 16, 17, 18, 19
D12S391	red	132.8	193	18,23	4	none	14, 15, 16, 17, 17.3, 18, 18.3, 19, 20, 21, 22, 23, 24, 25, 26, 27
D19S433	red	193.5	256.5	13,14	4	none	5.2, 6.2, 8, 9, 10, 11, 12, 12.2, 13, 13.2, 14, 14.2, 15, 15.2, 16, 16.2, 17, 17.2, 18, 18.2
FGA	red	257	417	20,23	4	none	14, 15, 16, 17, 18, 18.2, 19, 19.2, 20, 20.2, 21, 21.2, 22, 22.2, 23, 23.2, 24, 24.2, 25, 25.2, 26, 27, 28, 29, 30, 31.2, 32.2, 33.2, 42.2, 43.2, 44.2, 45.2, 46.2, 48.2, 50.2
D22S1045	red	423	478	16	3	none	7, 8, 9, 10, 11, 12, 13, 14, 15, 16, 17, 18, 19, 20
