Version	GM v 3.0							
Kit type:	MICROSATELLITE							
Chemistry Kit	PowerPlex_S5_Panels_v2.0	none						
Panel	PowerPlex_S5_v2.0	null						
AMEL	blue	80.00	108.50	1,2	6	none	1, 2, 
D18S51	blue	108.51	199.00	16,18	4	none	8, 9, 10, 10.2, 11, 12, 13, 13.2, 14, 15, 16, 17, 18, 19, 20, 21, 22, 23, 24, 25, 26, 27, 
D8S1179	blue	199.01	300.00	14,15	4	none	7, 8, 9, 10, 11, 12, 13, 14, 15, 16, 17, 18, 
TH01	green	80.00	133.00	6,9.3	4	none	4, 5, 6, 7, 8, 9, 9.3, 10, 11, 13.3, 
FGA	green	133.01	300.00	20,23	4	none	16, 17, 18, 18.2, 19, 19.2, 20, 20.2, 21, 21.2, 22, 22.2, 23, 23.2, 24, 24.2, 25, 25.2, 26, 27, 28, 29, 30, 31.2, 43.2, 44.2, 45.2, 46.2, 


