Version	GMID-X v 1.0
Chemistry Kit	PowerPlex_18D_Panels_IDX_v1.2
BinSet Name	PowerPlex_18D_Bins_IDX_v1.2
Panel Name	PowerPlex_18D_IDX_v1.2
Marker Name	D3S1358
8	94.13	0.5	0.5	virtual
9	98.25	0.5	0.5	
10	102.37	0.5	0.5	
11	106.52	0.5	0.5	
12	110.66	0.5	0.5	
13	114.8	0.5	0.5	
14	118.96	0.5	0.5	
15	123.05	0.5	0.5	
15.2	125.1	0.5	0.5	virtual
16	127.14	0.5	0.5	
17	131.22	0.5	0.4	
17.1	132.25	0.5	0.5	virtual
18	135.34	0.5	0.5	
19	139.39	0.5	0.5	
20	143.46	0.5	0.4	
20.1	144.48	0.5	0.5	virtual
21	147.53	0.5	0.5	virtual
Marker Name	TH01
3	148.88	0.5	0.5	
4	152.86	0.5	0.5	
5	156.86	0.5	0.5	
6	160.82	0.5	0.5	
7	164.79	0.5	0.5	
8	168.74	0.5	0.5	
8.3	171.7	0.5	0.4	virtual
9	172.68	0.5	0.5	
9.3	175.62	0.5	0.4	
10	176.62	0.5	0.5	
10.3	179.58	0.5	0.4	virtual
11	180.56	0.5	0.5	
13.3	191.53	0.5	0.5	
Marker Name	D21S11
23.2	197.11	0.5	0.5	virtual
24	199.12	0.5	0.5	
24.2	201.14	0.5	0.4	
24.3	202.14	0.5	0.4	virtual
25	203.13	0.5	0.5	
25.2	205.14	0.5	0.4	
25.3	206.14	0.5	0.4	virtual
26	207.14	0.5	0.5	
26.2	209.16	0.5	0.5	virtual
27	211.18	0.5	0.4	
27.1	212.18	0.5	0.4	virtual
27.2	213.17	0.5	0.5	virtual
28	215.16	0.5	0.4	
28.1	216.16	0.5	0.4	virtual
28.2	217.17	0.5	0.4	
28.3	218.17	0.5	0.4	virtual
29	219.17	0.5	0.4	
29.1	220.17	0.5	0.4	virtual
29.2	221.17	0.5	0.4	
29.3	222.19	0.5	0.4	virtual
30	223.21	0.5	0.5	
30.2	225.18	0.5	0.4	
30.3	226.22	0.5	0.4	virtual
31	227.25	0.5	0.4	
31.1	228.24	0.5	0.4	virtual
31.2	229.23	0.5	0.5	
32	231.3	0.5	0.4	
32.1	232.3	0.5	0.4	virtual
32.2	233.3	0.5	0.5	
33	235.41	0.5	0.4	
33.1	236.38	0.5	0.4	virtual
33.2	237.35	0.5	0.5	
34	239.4	0.5	0.4	
34.1	240.4	0.5	0.4	virtual
34.2	241.41	0.5	0.5	
35	243.41	0.5	0.4	
35.1	244.45	0.5	0.4	virtual
35.2	245.48	0.5	0.5	
36	247.54	0.5	0.4	
36.1	248.54	0.5	0.4	virtual
36.2	249.54	0.5	0.5	virtual
37	251.55	0.5	0.5	
37.2	253.58	0.5	0.5	virtual
38	255.61	0.5	0.5	
38.2	257.64	0.5	0.5	virtual
39	259.67	0.5	0.5	virtual
Marker Name	D18S51
7	280.96	0.5	0.5	
8	284.78	0.5	0.5	
9	288.62	0.5	0.5	
9.2	290.54	0.5	0.5	virtual
10	292.45	0.5	0.5	
10.2	294.39	0.5	0.5	
11	296.32	0.5	0.5	
11.2	298.21	0.5	0.5	virtual
12	300.1	0.5	0.5	
12.2	302.05	0.5	0.5	virtual
13	303.99	0.5	0.5	
13.2	305.96	0.5	0.4	
13.3	306.92	0.5	0.4	virtual
14	307.88	0.5	0.5	
14.2	309.82	0.5	0.5	virtual
15	311.75	0.5	0.5	
15.2	313.69	0.5	0.5	virtual
16	315.63	0.5	0.4	
16.1	316.6	0.5	0.4	virtual
16.2	317.57	0.5	0.5	virtual
17	319.51	0.5	0.5	
17.2	321.46	0.5	0.5	virtual
18	323.41	0.5	0.4	
18.1	324.39	0.5	0.4	virtual
18.2	325.37	0.5	0.5	virtual
19	327.32	0.5	0.5	
19.2	329.29	0.5	0.5	virtual
20	331.25	0.5	0.5	
20.2	333.22	0.5	0.5	virtual
21	335.18	0.5	0.5	
21.2	337.15	0.5	0.5	virtual
22	339.12	0.5	0.5	
22.2	341.06	0.5	0.5	virtual
23	342.99	0.5	0.5	
24	346.95	0.5	0.5	
25	350.85	0.5	0.5	
26	354.71	0.5	0.5	
27	358.57	0.5	0.5	
28	362.43	0.5	0.5	virtual
Marker Name	Penta E
4	370.66	0.5	0.5	virtual
5	375.79	0.5	0.5	
6	380.92	0.5	0.5	
7	385.99	0.5	0.5	
8	391.07	0.5	0.5	
9	396.18	0.5	0.5	
10	401.2	0.5	0.5	
11	406.2	0.5	0.5	
12	411.16	0.5	0.5	
13	416.14	0.5	0.5	
14	421.14	0.5	0.5	
15	426.17	0.5	0.5	
16	431.38	0.5	0.5	
16.4	435.54	0.5	0.4	virtual
17	436.58	0.5	0.5	
18	441.76	0.5	0.5	
19	446.96	0.5	0.5	
20	452.1	0.5	0.5	
21	457.07	0.5	0.5	
22	462.04	0.5	0.5	
23	466.99	0.5	0.5	
24	471.96	0.5	0.5	
Marker Name	D5S818
7	115.76	0.5	0.5	
8	119.92	0.5	0.5	
9	124.03	0.5	0.5	
10	128.15	0.5	0.5	
11	132.23	0.5	0.4	
11.1	133.26	0.5	0.5	virtual
12	136.33	0.5	0.5	
13	140.39	0.5	0.5	
14	144.48	0.5	0.5	
15	148.6	0.5	0.5	
16	152.74	0.5	0.5	
17	156.88	0.5	0.5	virtual
Marker Name	D13S317
6	167.2	0.5	0.5	virtual
7	171.2	0.5	0.5	
8	175.2	0.5	0.4	
8.1	176.19	0.5	0.5	virtual
9	179.18	0.5	0.5	
10	183.14	0.5	0.5	
11	187.19	0.5	0.5	
12	191.2	0.5	0.5	
13	195.21	0.5	0.5	
14	199.21	0.5	0.5	
15	203.23	0.5	0.5	
16	207.25	0.5	0.5	virtual
Marker Name	D7S820
6	214.52	0.5	0.5	
6.3	217.53	0.5	0.4	virtual
7	218.53	0.5	0.5	
7.3	221.55	0.5	0.4	virtual
8	222.56	0.5	0.4	
8.1	223.57	0.5	0.5	virtual
8.3	225.59	0.5	0.4	virtual
9	226.6	0.5	0.4	
9.1	227.61	0.5	0.5	virtual
9.3	229.65	0.5	0.4	virtual
10	230.66	0.5	0.4	
10.1	231.67	0.5	0.5	virtual
10.3	233.69	0.5	0.4	virtual
11	234.7	0.5	0.4	
11.1	235.71	0.5	0.5	virtual
11.3	237.73	0.5	0.4	virtual
12	238.74	0.5	0.4	
12.1	239.76	0.5	0.5	virtual
13	242.8	0.5	0.4	
13.1	243.81	0.5	0.5	virtual
14	246.85	0.5	0.5	
Marker Name	D16S539
5	261.07	0.5	0.5	
6	265.11	0.5	0.5	virtual
8	273.19	0.5	0.5	
9	277.25	0.5	0.5	
9.3	280.21	0.5	0.4	virtual
10	281.2	0.5	0.5	
11	285.18	0.5	0.5	
11.3	288.18	0.5	0.4	virtual
12	289.18	0.5	0.4	
12.1	290.17	0.5	0.5	virtual
13	293.14	0.5	0.5	
13.3	296.16	0.5	0.4	virtual
14	297.16	0.5	0.5	
15	301.18	0.5	0.5	
Marker Name	CSF1PO
5	313.28	0.5	0.5	virtual
6	317.29	0.5	0.5	
7	321.3	0.5	0.5	
7.3	324.29	0.5	0.4	virtual
8	325.29	0.5	0.5	
8.3	328.37	0.5	0.4	virtual
9	329.39	0.5	0.4	
9.1	330.41	0.5	0.5	virtual
10	333.47	0.5	0.5	
10.2	335.5	0.5	0.4	virtual
10.3	336.52	0.5	0.4	virtual
11	337.53	0.5	0.5	
12	341.59	0.5	0.4	
12.1	342.61	0.5	0.5	virtual
13	345.67	0.5	0.5	
14	349.68	0.5	0.5	
15	353.72	0.5	0.5	
16	357.76	0.5	0.5	virtual
Marker Name	Penta D
2.2	375.62	0.5	0.5	
3.2	380.77	0.5	0.5	
5	388.98	0.5	0.5	
6	394.07	0.5	0.5	
7	399.18	0.5	0.5	
8	404.25	0.5	0.5	
9	409.25	0.5	0.5	
10	414.25	0.5	0.5	
11	419.24	0.5	0.5	
12	424.24	0.5	0.5	
12.2	426.34	0.5	0.5	virtual
13	429.48	0.5	0.5	
14	434.69	0.5	0.4	
14.1	435.73	0.5	0.5	virtual
15	439.89	0.5	0.5	
16	445.11	0.5	0.5	
17	450.26	0.5	0.5	
Marker Name	AMEL
1	111.09	0.5	0.5	
2	117.03	0.5	0.5	
Marker Name	vWA
10	127.73	0.5	0.5	
11	131.88	0.5	0.5	
12	135.86	0.5	0.5	
13	139.88	0.5	0.5	
14	143.94	0.5	0.5	
15	147.99	0.5	0.5	
15.2	150.01	0.5	0.5	virtual
16	152.03	0.5	0.5	
17	156.07	0.5	0.5	
18	160.08	0.5	0.5	
19	164.09	0.5	0.5	
20	168.06	0.5	0.5	
21	172.05	0.5	0.5	
22	176.0	0.5	0.5	
23	180.0	0.5	0.5	
24	183.99	0.5	0.5	
25	187.98	0.5	0.5	virtual
Marker Name	D8S1179
7	203.72	0.5	0.5	
8	207.72	0.5	0.5	
9	211.72	0.5	0.5	
10	215.72	0.5	0.5	
11	219.73	0.5	0.5	
12	223.76	0.5	0.5	
13	227.76	0.5	0.5	
14	231.8	0.5	0.5	
15	235.83	0.5	0.5	
16	239.89	0.5	0.5	
17	243.89	0.5	0.5	
18	247.98	0.5	0.5	
19	252.03	0.5	0.5	
20	256.08	0.5	0.5	virtual
Marker Name	TPOX
5	263.35	0.5	0.5	virtual
6	267.41	0.5	0.5	
7	271.47	0.5	0.5	
8	275.38	0.5	0.5	
9	279.37	0.5	0.5	
10	283.32	0.5	0.5	
11	287.25	0.5	0.5	
12	291.19	0.5	0.5	
13	295.15	0.5	0.5	
14	299.11	0.5	0.5	virtual
Marker Name	FGA
13	311.54	0.5	0.5	virtual
14	315.6	0.5	0.5	
15	319.66	0.5	0.5	
16	323.72	0.5	0.4	
16.1	324.75	0.5	0.5	virtual
17	327.82	0.5	0.5	
17.2	329.88	0.5	0.5	virtual
18	331.93	0.5	0.5	
18.2	333.98	0.5	0.5	
19	336.02	0.5	0.5	
19.2	338.09	0.5	0.4	
19.3	339.11	0.5	0.4	virtual
20	340.12	0.5	0.4	
20.1	341.15	0.5	0.4	virtual
20.2	342.18	0.5	0.4	
20.3	343.2	0.5	0.4	virtual
21	344.21	0.5	0.5	
21.2	346.28	0.5	0.4	
21.3	347.3	0.5	0.4	virtual
22	348.31	0.5	0.4	
22.1	349.33	0.5	0.4	virtual
22.2	350.34	0.5	0.4	
22.3	351.36	0.5	0.4	virtual
23	352.37	0.5	0.4	
23.1	353.39	0.5	0.4	virtual
23.2	354.4	0.5	0.4	
23.3	355.4	0.5	0.4	virtual
24	356.4	0.5	0.4	
24.1	357.41	0.5	0.4	virtual
24.2	358.42	0.5	0.4	
24.3	359.43	0.5	0.4	virtual
25	360.43	0.5	0.4	
25.1	361.44	0.5	0.4	virtual
25.2	362.45	0.5	0.4	
25.3	363.45	0.5	0.4	virtual
26	364.44	0.5	0.4	
26.1	365.44	0.5	0.4	virtual
26.2	366.44	0.5	0.5	virtual
27	368.45	0.5	0.5	
27.2	370.44	0.5	0.5	virtual
28	372.44	0.5	0.5	
28.2	374.48	0.5	0.5	virtual
29	376.51	0.5	0.5	
29.2	378.56	0.5	0.5	virtual
30	380.61	0.5	0.5	
30.2	382.61	0.5	0.5	virtual
31	384.6	0.5	0.5	virtual
31.2	386.6	0.5	0.5	
32.2	390.68	0.5	0.5	
33.2	394.75	0.5	0.5	
34.2	398.82	0.5	0.5	virtual
41.2	427.12	0.5	0.5	virtual
42.2	431.3	0.5	0.5	
43.2	435.48	0.5	0.5	
44.2	439.63	0.5	0.5	
45.2	443.8	0.5	0.5	
46.2	447.96	0.5	0.5	
47.2	451.98	0.5	0.5	virtual
48.2	456.0	0.5	0.5	
49.2	459.99	0.5	0.5	virtual
50.2	463.98	0.5	0.5	
Marker Name	D19S433
5.2	165.63	0.5	0.5	
6.2	169.57	0.5	0.5	
7	171.52	0.5	0.5	virtual
8	175.43	0.5	0.5	
9	179.36	0.5	0.5	
9.2	181.33	0.5	0.5	virtual
10	183.29	0.5	0.5	
10.2	185.25	0.5	0.5	virtual
11	187.21	0.5	0.5	
11.2	189.18	0.5	0.5	virtual
12	191.14	0.5	0.4	
12.1	192.13	0.5	0.4	virtual
12.2	193.12	0.5	0.5	
13	195.05	0.5	0.5	
13.2	197.05	0.5	0.5	
14	198.99	0.5	0.5	
14.2	200.98	0.5	0.5	
15	202.93	0.5	0.5	
15.2	204.92	0.5	0.5	
16	206.87	0.5	0.5	
16.2	208.85	0.5	0.5	
17	210.81	0.5	0.5	
17.2	212.79	0.5	0.5	
18	214.75	0.5	0.5	
18.2	216.73	0.5	0.5	
19	218.71	0.5	0.5	virtual
19.2	220.69	0.5	0.5	virtual
Marker Name	D2S1338
10	226.62	0.5	0.5	
11	230.66	0.5	0.5	virtual
12	234.69	0.5	0.5	
13	238.73	0.5	0.5	virtual
14	242.76	0.5	0.5	
15	246.8	0.5	0.5	
16	250.83	0.5	0.5	
17	254.91	0.5	0.5	
18	258.95	0.5	0.5	
18.3	261.99	0.5	0.4	virtual
19	263.0	0.5	0.5	
19.3	266.05	0.5	0.4	virtual
20	267.06	0.5	0.5	
21	271.09	0.5	0.5	
22	275.08	0.5	0.5	
23	279.09	0.5	0.5	
23.2	281.07	0.5	0.4	virtual
23.3	282.05	0.5	0.4	virtual
24	283.04	0.5	0.5	
24.2	285.02	0.5	0.5	virtual
25	287.0	0.5	0.5	
26	290.96	0.5	0.5	
27	294.92	0.5	0.5	
28	298.86	0.5	0.5	
