Version	GMID-X v 1.2
Chemistry Kit	NetBio_Panels_IDX_v1.2
BinSet Name	NetBio_Bins_IDX_v1.2
Panel Name	NetBio_Panels_IDX_v1.2
Marker Name	AMEL
1	91.58	0.5	0.5	
2	97.36	0.5	0.5	
Marker Name	D3S1358
8	103.46	0.5	0.5	virtual
9	107.46	0.5	0.5	
10	111.76	0.5	0.5	
11	116.01	0.5	0.5	
12	120.3	0.5	0.5	
13	124.49	0.5	0.5	
14	128.63	0.5	0.5	
14.3	131.63	0.5	0.4	virtual
15	132.82	0.4	0.4	
15.1	133.82	0.4	0.4	virtual
15.2	134.82	0.4	0.4	virtual
15.3	135.82	0.4	0.4	virtual
16	136.96	0.4	0.5	
16.2	138.96	0.5	0.5	virtual
17	141.05	0.5	0.4	
17.1	142.05	0.4	0.4	virtual
17.2	143.05	0.4	0.5	virtual
18	145.2	0.5	0.4	
18.1	146.3	0.4	0.4	virtual
18.2	147.3	0.4	0.4	virtual
18.3	148.33	0.4	0.4	virtual
19	149.3	0.4	0.5	
20	153.5	0.5	0.4	
20.1	154.5	0.4	0.5	virtual
21	157.5	0.5	0.5	virtual
Marker Name	D1S1656
8	162.57	0.5	0.5	virtual
9	166.57	0.5	0.5	
10	170.58	0.5	0.5	
11	174.48	0.5	0.5	
12	178.43	0.5	0.5	
13	182.53	0.5	0.5	
13.3	185.44	0.5	0.4	virtual
14	186.44	0.4	0.5	
14.3	189.46	0.5	0.4	
15	190.41	0.4	0.5	
15.3	193.42	0.5	0.4	
16	194.36	0.4	0.5	
16.2	196.36	0.5	0.4	virtual
16.3	197.36	0.4	0.4	
17	198.3	0.4	0.5	
17.1	199.3	0.4	0.5	virtual
17.3	201.36	0.5	0.4	
18	202.29	0.4	0.5	
18.3	205.34	0.5	0.4	
19	206.19	0.4	0.5	
19.3	209.23	0.5	0.5	
20.3	213.19	0.5	0.4	
21	214.19	0.5	0.5	virtual
Marker Name	D2S441
8	219.4	0.5	0.5	
9	223.41	0.5	0.4	
9.1	224.41	0.4	0.5	virtual
10	227.43	0.5	0.4	
10.1	228.43	0.4	0.5	virtual
11	231.52	0.5	0.5	
11.3	234.5	0.5	0.4	
12	235.6	0.4	0.5	
12.3	238.7	0.5	0.4	virtual
13	239.7	0.4	0.4	
13.1	240.7	0.4	0.5	virtual
13.3	242.77	0.5	0.4	virtual
14	243.77	0.4	0.5	
14.3	246.84	0.5	0.4	virtual
15	247.84	0.4	0.5	
16	251.91	0.5	0.5	
17	255.97	0.5	0.5	
Marker Name	D10S1248
8	260.94	0.5	0.5	
9	264.81	0.5	0.5	
10	268.68	0.5	0.5	
11	272.54	0.5	0.5	
12	276.38	0.5	0.5	
13	280.18	0.5	0.5	
14	283.99	0.5	0.5	
15	287.79	0.5	0.5	
16	291.59	0.5	0.5	
17	295.39	0.5	0.5	
18	299.19	0.5	0.5	
19	303.01	0.5	0.5	
Marker Name	D13S317
5	310.61	0.5	0.5	
6	314.55	0.5	0.5	
7	318.57	0.5	0.4	
7.1	319.57	0.4	0.5	virtual
8	322.52	0.5	0.4	
8.1	323.52	0.4	0.5	virtual
9	326.49	0.5	0.5	
10	330.46	0.5	0.5	
11	334.45	0.5	0.5	
12	338.36	0.5	0.5	
12.3	341.37	0.5	0.4	virtual
13	342.37	0.4	0.5	
13.3	345.3	0.5	0.4	virtual
14	346.3	0.4	0.5	
15	350.25	0.5	0.5	
16	354.21	0.5	0.5	
17	358.18	0.5	0.5	
Marker Name	Penta E
4	367.33	0.5	0.5	virtual
5	372.33	0.5	0.5	
6	377.08	0.5	0.5	
7	381.86	0.5	0.5	
8	386.57	0.5	0.5	
9	391.23	0.5	0.5	
10	395.91	0.5	0.5	
11	400.53	0.5	0.5	
11.4	404.05	0.5	0.4	virtual
12	405.05	0.4	0.5	
13	409.7	0.5	0.5	
14	414.3	0.5	0.5	
14.2	416.3	0.5	0.5	virtual
15	418.85	0.5	0.5	
15.2	420.85	0.5	0.5	virtual
16	423.34	0.5	0.5	
16.4	427.02	0.5	0.4	virtual
17	428.02	0.4	0.5	
17.4	431.67	0.5	0.4	virtual
18	432.67	0.4	0.5	
19	437.26	0.5	0.5	
20	441.9	0.5	0.5	
21	446.37	0.5	0.5	
22	450.86	0.5	0.5	
23	455.3	0.5	0.5	
24	459.7	0.5	0.5	
25	464.04	0.5	0.5	
26	469.04	0.5	0.5	virtual
Marker Name	D16S539
4	86.25	0.5	0.5	
5	90.43	0.5	0.5	
6	94.66	0.5	0.5	
7	98.83	0.5	0.5	
8	103.0	0.5	0.5	
8.3	106.25	0.5	0.4	virtual
9	107.25	0.4	0.5	
9.3	110.45	0.5	0.4	virtual
10	111.45	0.4	0.5	
10.3	114.7	0.5	0.4	virtual
11	115.7	0.4	0.5	
11.3	119.0	0.5	0.4	virtual
12	120.0	0.4	0.4	
12.1	121.0	0.4	0.4	virtual
12.2	122.0	0.4	0.5	virtual
13	124.0	0.5	0.5	
13.3	127.14	0.5	0.4	virtual
14	128.14	0.4	0.5	
15	132.24	0.5	0.5	
16	136.29	0.5	0.5	
Marker Name	D18S51
7	141.81	0.5	0.5	
8	145.96	0.5	0.5	
9	150.16	0.5	0.5	
9.2	152.16	0.5	0.5	virtual
10	154.33	0.5	0.5	
10.2	156.35	0.5	0.5	
11	158.45	0.5	0.5	
11.2	160.45	0.5	0.5	virtual
12	162.33	0.5	0.5	
12.2	164.66	0.5	0.4	virtual
12.3	165.66	0.4	0.4	virtual
13	166.66	0.4	0.4	
13.1	167.66	0.4	0.4	virtual
13.2	168.72	0.4	0.4	
13.3	169.76	0.4	0.4	virtual
14	170.76	0.4	0.5	
14.2	172.76	0.5	0.5	virtual
15	174.92	0.5	0.5	
15.2	176.95	0.5	0.4	virtual
15.3	177.95	0.4	0.4	virtual
16	178.95	0.4	0.4	
16.1	179.95	0.4	0.4	virtual
16.2	180.95	0.4	0.4	virtual
16.3	181.95	0.4	0.4	virtual
17	183.05	0.4	0.5	
17.2	185.05	0.5	0.4	virtual
17.3	186.05	0.4	0.4	virtual
18	187.13	0.4	0.4	
18.1	188.13	0.4	0.4	virtual
18.2	189.13	0.4	0.5	virtual
19	191.27	0.5	0.5	
19.2	193.27	0.5	0.5	virtual
20	195.31	0.5	0.5	
20.2	197.31	0.5	0.5	virtual
21	199.4	0.5	0.4	
21.1	200.4	0.4	0.4	virtual
21.2	201.4	0.4	0.5	virtual
22	203.56	0.5	0.5	
22.2	205.56	0.5	0.5	virtual
23	207.62	0.5	0.5	
23.2	209.62	0.5	0.5	virtual
24	211.76	0.5	0.5	
24.2	213.76	0.5	0.5	virtual
25	215.88	0.5	0.5	
26	219.9	0.5	0.5	
27	224.0	0.5	0.5	
Marker Name	D2S1338
10	229.27	0.5	0.5	
11	233.27	0.5	0.5	virtual
12	237.36	0.5	0.5	
13	241.52	0.5	0.5	virtual
14	245.52	0.5	0.5	
15	249.59	0.5	0.5	
16	253.57	0.5	0.5	
17	257.63	0.5	0.5	
18	261.68	0.5	0.5	
18.3	264.72	0.5	0.4	virtual
19	265.72	0.4	0.5	
19.3	268.75	0.5	0.4	virtual
20	269.75	0.4	0.5	
21	273.85	0.5	0.5	
22	277.84	0.5	0.5	
22.2	279.84	0.5	0.5	virtual
23	281.8	0.5	0.5	
23.2	283.77	0.5	0.4	virtual
23.3	284.77	0.4	0.4	virtual
24	285.77	0.4	0.5	
24.2	287.77	0.5	0.5	virtual
25	289.82	0.5	0.5	
26	293.86	0.5	0.5	
27	297.74	0.5	0.5	
28	301.79	0.5	0.5	
29	305.79	0.5	0.5	virtual
Marker Name	CSF1PO
5	321.78	0.5	0.5	
6	325.74	0.5	0.5	
7	329.71	0.5	0.5	
7.3	332.7	0.5	0.4	virtual
8	333.7	0.4	0.4	
8.1	334.7	0.4	0.5	virtual
8.3	336.69	0.5	0.4	virtual
9	337.69	0.4	0.4	
9.1	338.69	0.4	0.5	virtual
10	341.7	0.5	0.4	
10.1	342.7	0.4	0.4	virtual
10.2	343.63	0.4	0.4	virtual
10.3	344.63	0.4	0.4	virtual
11	345.63	0.4	0.4	
11.1	346.63	0.4	0.5	virtual
11.3	348.66	0.5	0.4	virtual
12	349.66	0.4	0.4	
12.1	350.66	0.4	0.5	virtual
12.3	352.62	0.5	0.4	virtual
13	353.62	0.4	0.5	
13.3	356.58	0.5	0.4	virtual
14	357.58	0.4	0.5	
15	361.4	0.5	0.5	
16	365.57	0.5	0.5	
Marker Name	D6S1043
7	371.3	0.5	0.5	
8	375.26	0.5	0.5	
9	379.33	0.5	0.5	
10	383.43	0.5	0.5	
11	387.54	0.5	0.5	
12	391.5	0.5	0.5	
12.3	394.56	0.5	0.4	virtual
13	395.56	0.5	0.5	
14	399.55	0.5	0.5	
15	403.45	0.5	0.5	
16	407.46	0.5	0.5	
17	411.5	0.5	0.5	
17.2	413.57	0.5	0.4	virtual
17.3	414.57	0.5	0.4	virtual
18	415.57	0.5	0.5	
18.2	417.57	0.5	0.5	virtual
19	419.49	0.5	0.5	
19.2	421.62	0.5	0.4	virtual
19.3	422.62	0.5	0.4	virtual
20	423.62	0.5	0.5	
20.3	426.54	0.5	0.4	virtual
21	427.54	0.5	0.5	
21.3	430.72	0.5	0.4	virtual
22	431.72	0.5	0.5	
22.3	433.72	0.5	0.4	virtual
23	435.73	0.5	0.5	
23.3	438.86	0.5	0.4	virtual
24	439.86	0.5	0.5	
24.3	442.84	0.5	0.4	virtual
25	443.84	0.5	0.5	
26	447.84	0.5	0.5	virtual
Marker Name	TH01
3	76.87	0.5	0.5	
4	81.01	0.5	0.5	
5	85.26	0.5	0.5	
5.3	88.44	0.5	0.4	virtual
6	89.44	0.4	0.4	
6.1	90.44	0.4	0.5	virtual
6.3	92.69	0.5	0.4	virtual
7	93.69	0.4	0.4	
7.1	94.69	0.4	0.5	virtual
7.3	96.87	0.5	0.4	virtual
8	97.87	0.4	0.5	
8.3	101.04	0.5	0.4	virtual
9	102.04	0.4	0.4	
9.1	103.04	0.4	0.5	virtual
9.3	105.24	0.5	0.4	
10	106.3	0.4	0.5	
10.3	109.51	0.5	0.4	virtual
11	110.5	0.4	0.5	
13.3	122.2	0.5	0.5	
Marker Name	vWA
10	132.34	0.5	0.5	
11	136.57	0.5	0.5	
12	140.57	0.5	0.5	
13	144.64	0.5	0.5	
14	148.67	0.5	0.5	
15	152.67	0.5	0.5	
15.2	154.67	0.5	0.5	virtual
16	156.72	0.5	0.4	
16.1	157.72	0.4	0.5	virtual
17	160.72	0.5	0.5	
18	164.69	0.5	0.5	
18.2	166.69	0.5	0.4	virtual
18.3	167.63	0.4	0.4	virtual
19	168.63	0.4	0.5	
20	172.62	0.5	0.5	
21	176.59	0.5	0.5	
22	180.44	0.5	0.5	
23	184.53	0.5	0.5	
24	188.43	0.5	0.5	
25	192.43	0.5	0.5	virtual
Marker Name	D21S11
23.2	206.38	0.5	0.4	virtual
23.3	207.38	0.4	0.4	virtual
24	208.38	0.4	0.5	
24.2	210.32	0.5	0.4	
24.3	211.3	0.4	0.4	virtual
25	212.35	0.4	0.5	
25.2	214.28	0.5	0.4	
25.3	215.3	0.4	0.4	virtual
26	216.3	0.4	0.5	
26.2	218.3	0.5	0.5	virtual
27	220.32	0.5	0.4	
27.1	221.3	0.4	0.4	virtual
27.2	222.3	0.4	0.5	virtual
28	224.25	0.5	0.4	
28.1	225.25	0.4	0.4	virtual
28.2	226.26	0.4	0.4	
28.3	227.2	0.4	0.4	virtual
29	228.18	0.4	0.4	
29.1	229.18	0.4	0.4	virtual
29.2	230.19	0.4	0.4	
29.3	231.11	0.4	0.4	virtual
30	232.11	0.4	0.4	
30.1	233.11	0.4	0.4	virtual
30.2	234.11	0.4	0.4	
30.3	235.11	0.4	0.4	virtual
31	236.11	0.4	0.4	
31.1	237.11	0.4	0.4	virtual
31.2	238.11	0.4	0.4	
31.3	239.11	0.4	0.4	virtual
32	240.11	0.4	0.4	
32.1	241.11	0.4	0.4	virtual
32.2	242.11	0.4	0.4	
32.3	243.14	0.4	0.4	virtual
33	244.19	0.4	0.4	
33.1	245.15	0.4	0.4	virtual
33.2	246.1	0.4	0.4	
33.3	247.01	0.4	0.4	virtual
34	248.01	0.4	0.4	
34.1	249.08	0.4	0.4	virtual
34.2	250.08	0.4	0.4	
34.3	250.99	0.4	0.4	virtual
35	251.99	0.4	0.4	
35.1	252.99	0.4	0.4	virtual
35.2	254.07	0.4	0.5	
36	256.06	0.5	0.4	
36.1	257.06	0.4	0.4	virtual
36.2	258.06	0.4	0.5	virtual
37	259.95	0.5	0.5	
37.2	261.95	0.5	0.5	virtual
38	263.91	0.5	0.5	
38.2	265.91	0.5	0.5	virtual
39	267.91	0.5	0.5	virtual
Marker Name	D7S820
5	275.16	0.5	0.5	
5.2	277.16	0.5	0.5	virtual
6	279.13	0.5	0.5	
6.3	282.18	0.5	0.4	virtual
7	283.18	0.4	0.4	
7.1	284.18	0.4	0.5	virtual
7.3	286.15	0.5	0.4	virtual
8	287.15	0.4	0.4	
8.1	288.15	0.4	0.4	virtual
8.2	289.19	0.4	0.4	virtual
8.3	290.19	0.4	0.4	virtual
9	291.19	0.4	0.4	
9.1	292.15	0.4	0.4	virtual
9.2	293.15	0.4	0.4	virtual
9.3	294.15	0.4	0.4	virtual
10	295.15	0.4	0.4	
10.1	296.15	0.4	0.5	virtual
10.3	298.19	0.5	0.4	virtual
11	299.19	0.4	0.4	
11.1	300.18	0.4	0.4	virtual
11.2	301.18	0.4	0.4	virtual
11.3	302.18	0.4	0.4	virtual
12	303.18	0.4	0.4	
12.1	304.18	0.4	0.5	virtual
12.3	306.18	0.5	0.4	virtual
13	307.18	0.4	0.4	
13.1	308.18	0.4	0.5	virtual
14	311.27	0.5	0.4	
14.1	312.27	0.4	0.5	virtual
15	315.28	0.5	0.5	
16	319.31	0.5	0.5	
Marker Name	D5S818
5	322.32	0.5	0.5	virtual
6	326.32	0.5	0.5	
7	330.29	0.5	0.5	
8	334.28	0.5	0.5	
9	338.28	0.5	0.5	
10	342.2	0.5	0.4	
10.1	343.2	0.4	0.5	virtual
11	346.22	0.5	0.4	
11.1	347.22	0.4	0.5	virtual
12	350.17	0.5	0.4	
12.1	351.17	0.4	0.5	virtual
12.3	353.12	0.5	0.4	virtual
13	354.12	0.4	0.5	
14	358.09	0.5	0.5	
15	362.08	0.5	0.5	
16	366.0	0.5	0.5	
17	369.93	0.5	0.5	
18	373.97	0.5	0.5	
19	377.97	0.5	0.5	virtual
Marker Name	TPOX
4	397.16	0.5	0.5	
5	401.15	0.5	0.5	
6	405.05	0.5	0.5	
7	409.07	0.5	0.4	
7.1	410.07	0.4	0.5	virtual
7.3	412.03	0.5	0.4	virtual
8	413.03	0.4	0.5	
9	416.93	0.5	0.5	
10	420.95	0.5	0.4	
10.1	421.95	0.4	0.5	virtual
10.3	423.82	0.5	0.4	virtual
11	424.82	0.4	0.5	
12	428.87	0.5	0.5	
13	432.86	0.5	0.5	
14	436.88	0.5	0.5	
15	440.93	0.5	0.5	
16	444.91	0.5	0.5	
Marker Name	DYS391
5	450.38	0.5	0.5	
6	454.33	0.5	0.5	
7	458.32	0.5	0.5	
8	462.26	0.5	0.5	
8.3	465.23	0.5	0.5	virtual
9	466.23	0.4	0.5	
10	470.14	0.5	0.5	
11	474.08	0.5	0.5	
12	478.13	0.5	0.5	
13	482.15	0.5	0.5	
14	486.13	0.5	0.5	
15	490.16	0.5	0.5	
16	494.25	0.5	0.5	
Marker Name	D8S1179
6	78.13	0.5	0.5	virtual
7	82.13	0.5	0.5	
8	86.36	0.5	0.5	
9	90.65	0.5	0.5	
10	94.87	0.5	0.5	
11	99.15	0.5	0.5	
12	103.43	0.5	0.5	
12.3	106.78	0.5	0.4	virtual
13	107.78	0.4	0.5	
13.2	110.07	0.5	0.4	virtual
13.3	111.07	0.4	0.4	virtual
14	112.07	0.4	0.4	
14.1	113.07	0.4	0.5	virtual
15	116.32	0.5	0.4	
15.1	117.32	0.4	0.5	virtual
15.3	119.6	0.5	0.4	virtual
16	120.6	0.4	0.5	
17	124.89	0.5	0.5	
18	128.93	0.5	0.5	
19	133.21	0.5	0.5	
20	137.21	0.5	0.5	virtual
Marker Name	D12S391
13	137.24	0.5	0.5	virtual
14	141.24	0.5	0.5	
15	145.3	0.5	0.5	
16	149.33	0.5	0.5	
17	153.31	0.5	0.4	
17.1	154.31	0.5	0.5	virtual
17.3	156.44	0.5	0.4	
18	157.36	0.5	0.4	
18.1	158.36	0.5	0.5	virtual
18.3	160.45	0.5	0.4	
19	161.36	0.5	0.4	
19.1	162.36	0.5	0.5	virtual
19.3	164.32	0.5	0.4	virtual
20	165.32	0.5	0.4	
20.1	166.32	0.5	0.5	virtual
20.3	168.34	0.5	0.4	virtual
21	169.34	0.5	0.5	
21.3	172.24	0.5	0.4	virtual
22	173.24	0.5	0.5	
22.3	176.11	0.5	0.4	virtual
23	177.11	0.5	0.5	
24	181.05	0.5	0.5	
24.3	184.05	0.5	0.4	virtual
25	185.05	0.5	0.5	
26	188.94	0.5	0.5	
27	192.9	0.5	0.5	
Marker Name	D19S433
5.2	199.83	0.5	0.5	
6	201.65	0.5	0.5	virtual
6.2	203.65	0.5	0.5	
7	205.4	0.5	0.5	virtual
8	209.2	0.5	0.5	
8.2	211.4	0.5	0.5	virtual
9	213.27	0.5	0.5	
9.2	215.27	0.5	0.5	virtual
10	217.14	0.5	0.5	
10.2	219.14	0.5	0.5	virtual
11	220.91	0.5	0.4	
11.1	221.91	0.4	0.4	virtual
11.2	222.91	0.4	0.5	virtual
12	224.75	0.5	0.4	
12.1	225.75	0.4	0.4	virtual
12.2	226.67	0.4	0.5	
13	228.6	0.5	0.4	
13.1	229.6	0.4	0.4	virtual
13.2	230.52	0.4	0.5	
14	232.44	0.5	0.4	
14.1	233.44	0.4	0.4	virtual
14.2	234.45	0.4	0.4	
14.3	235.28	0.4	0.4	virtual
15	236.28	0.4	0.5	
15.2	238.28	0.5	0.5	
16	240.2	0.5	0.4	
16.1	241.2	0.4	0.4	virtual
16.2	242.11	0.4	0.5	
17	244.02	0.5	0.5	
17.2	246.02	0.5	0.5	
18	247.93	0.5	0.5	
18.1	248.92	0.4	0.4	virtual
18.2	249.92	0.5	0.5	
19	251.92	0.5	0.5	virtual
19.2	253.92	0.5	0.5	virtual
Marker Name	SE33
4.2	282.05	0.5	0.5	
5	284.05	0.5	0.5	virtual
6	288.19	0.5	0.5	virtual
6.3	291.19	0.5	0.4	
7	292.2	0.4	0.5	virtual
8	296.2	0.5	0.5	
8.2	298.33	0.5	0.5	virtual
9	300.33	0.5	0.5	
9.2	302.48	0.5	0.5	virtual
10	304.4	0.5	0.5	
10.2	306.68	0.5	0.5	virtual
11	308.48	0.5	0.5	
11.2	310.68	0.5	0.5	virtual
12	312.68	0.5	0.5	
12.2	314.68	0.5	0.5	virtual
13	316.68	0.5	0.5	
13.2	318.79	0.5	0.5	virtual
14	320.79	0.5	0.5	
14.2	322.92	0.5	0.4	virtual
14.3	323.92	0.4	0.4	virtual
15	324.92	0.4	0.5	
15.2	327.05	0.5	0.4	virtual
15.3	328.05	0.4	0.4	virtual
16	329.05	0.4	0.5	
16.2	331.2	0.5	0.4	virtual
16.3	332.2	0.4	0.4	virtual
17	333.2	0.4	0.5	
17.2	335.2	0.5	0.5	virtual
18	337.28	0.5	0.5	
18.2	339.28	0.5	0.5	virtual
19	341.45	0.5	0.5	
19.2	343.55	0.5	0.4	virtual
19.3	344.55	0.4	0.4	virtual
20	345.55	0.4	0.5	
20.2	347.65	0.5	0.5	
21	349.66	0.5	0.4	
21.1	350.68	0.4	0.4	virtual
21.2	351.68	0.4	0.5	
22	353.79	0.5	0.5	
22.2	355.81	0.5	0.5	
23	357.81	0.5	0.5	virtual
23.2	359.96	0.5	0.5	
24	361.96	0.5	0.5	virtual
24.2	364.12	0.5	0.5	
25	366.12	0.5	0.5	virtual
25.2	368.22	0.5	0.5	
26	370.22	0.5	0.5	virtual
26.2	372.33	0.5	0.5	
27	374.33	0.5	0.5	virtual
27.2	376.47	0.5	0.5	
28	378.47	0.5	0.5	virtual
28.2	380.64	0.5	0.5	
29	382.64	0.5	0.5	virtual
29.2	384.74	0.5	0.5	
30	386.74	0.5	0.5	virtual
30.2	388.86	0.5	0.5	
31	391.0	0.5	0.5	virtual
31.2	393.0	0.5	0.5	
32	395.0	0.5	0.5	virtual
32.2	397.07	0.5	0.5	
33	399.24	0.5	0.5	virtual
33.2	401.24	0.5	0.5	
34	403.27	0.5	0.5	virtual
34.2	405.32	0.5	0.5	
35	407.37	0.5	0.5	
35.2	409.37	0.5	0.5	virtual
36	411.5	0.5	0.5	
36.2	413.5	0.5	0.5	virtual
37	415.57	0.5	0.5	
37.2	417.76	0.5	0.5	virtual
38	419.76	0.5	0.5	virtual
38.2	421.8	0.5	0.5	virtual
39	423.8	0.5	0.5	
39.2	425.8	0.5	0.5	virtual
Marker Name	D22S1045
6	80.92	0.4	0.5	virtual
7	84.92	0.5	0.5	
8	88.02	0.5	0.5	
9	91.08	0.5	0.5	
10	94.23	0.5	0.5	
11	97.34	0.5	0.5	
12	100.32	0.5	0.5	
13	103.43	0.5	0.5	
14	106.62	0.5	0.5	
15	109.67	0.5	0.5	
16	112.8	0.5	0.5	
17	115.9	0.5	0.5	
18	119.08	0.5	0.5	
19	122.1	0.5	0.5	
20	125.19	0.5	0.5	
Marker Name	FGA
12.2	146.76	0.5	0.5	virtual
13	148.76	0.5	0.5	virtual
14	152.76	0.5	0.5	
15	156.9	0.5	0.5	
16	161.09	0.5	0.4	
16.1	162.14	0.4	0.4	virtual
16.2	163.14	0.4	0.5	virtual
17	165.14	0.5	0.5	
17.2	167.25	0.5	0.5	virtual
18	169.25	0.5	0.5	
18.2	171.38	0.5	0.5	
19	173.33	0.5	0.4	
19.1	174.45	0.4	0.4	virtual
19.2	175.45	0.4	0.4	
19.3	176.46	0.4	0.4	virtual
20	177.46	0.4	0.4	
20.1	178.56	0.4	0.4	virtual
20.2	179.56	0.4	0.4	
20.3	180.57	0.4	0.4	virtual
21	181.57	0.4	0.4	
21.1	182.66	0.4	0.4	virtual
21.2	183.66	0.4	0.4	
21.3	184.66	0.4	0.4	virtual
22	185.66	0.4	0.4	
22.1	186.73	0.4	0.4	virtual
22.2	187.73	0.4	0.4	
22.3	188.72	0.4	0.4	virtual
23	189.72	0.4	0.4	
23.1	190.79	0.4	0.4	virtual
23.2	191.79	0.4	0.4	
23.3	192.8	0.4	0.4	virtual
24	193.85	0.4	0.4	
24.1	194.9	0.4	0.4	virtual
24.2	195.9	0.4	0.4	
24.3	196.95	0.4	0.4	virtual
25	197.95	0.4	0.4	
25.1	199.0	0.4	0.4	virtual
25.2	200.0	0.4	0.4	
25.3	201.04	0.4	0.4	virtual
26	202.04	0.4	0.4	
26.1	203.04	0.4	0.4	virtual
26.2	204.1	0.4	0.4	virtual
26.3	205.1	0.4	0.4	virtual
27	206.1	0.4	0.5	
27.2	208.16	0.5	0.4	virtual
27.3	209.16	0.4	0.4	virtual
28	210.16	0.4	0.5	
28.2	212.28	0.5	0.4	virtual
28.3	213.28	0.4	0.4	virtual
29	214.28	0.4	0.4	
29.1	215.28	0.4	0.4	virtual
29.2	216.31	0.4	0.5	virtual
30	218.31	0.5	0.5	
30.2	220.07	0.5	0.5	virtual
31	222.17	0.5	0.5	virtual
31.2	224.17	0.5	0.5	
32	226.26	0.5	0.5	virtual
32.2	228.26	0.5	0.5	
33.2	232.36	0.5	0.5	
34.2	236.36	0.5	0.5	virtual
41.2	265.39	0.5	0.5	virtual
42.2	269.5	0.5	0.5	
43.2	273.69	0.5	0.5	
44.2	277.75	0.5	0.5	
45.2	281.8	0.5	0.5	
46.2	285.93	0.5	0.5	
47.2	289.9	0.5	0.5	virtual
48.2	293.94	0.5	0.5	
49.2	298.06	0.5	0.5	virtual
50.2	302.12	0.5	0.5	
51.2	306.12	0.5	0.5	virtual
Marker Name	DYS576
10	309.97	0.5	0.5	virtual
11	313.97	0.5	0.5	
12	317.75	0.5	0.5	
13	321.45	0.5	0.5	
14	325.25	0.5	0.5	
15	328.97	0.5	0.5	
15.2	330.97	0.5	0.5	virtual
16	332.7	0.5	0.5	
16.3	335.44	0.5	0.4	virtual
17	336.44	0.4	0.5	
18	340.2	0.5	0.5	
18.2	341.87	0.5	0.5	virtual
19	343.87	0.5	0.5	
20	347.65	0.5	0.5	
21	351.34	0.5	0.5	
22	355.05	0.5	0.5	
23	358.77	0.5	0.5	
24	362.77	0.5	0.5	virtual
Marker Name	DYS570
9	391.83	0.5	0.5	virtual
10	395.83	0.5	0.5	
11	399.64	0.5	0.5	
12	403.36	0.5	0.5	
13	407.01	0.5	0.5	
13.2	408.78	0.5	0.5	virtual
14	410.78	0.5	0.5	
14.2	412.48	0.5	0.5	virtual
15	414.48	0.5	0.5	
16	418.2	0.5	0.5	
17	421.87	0.5	0.5	
17.2	423.47	0.5	0.4	virtual
17.3	424.47	0.4	0.4	virtual
18	425.47	0.5	0.5	
18.2	427.25	0.5	0.4	virtual
18.3	428.25	0.4	0.4	virtual
19	429.25	0.4	0.5	
19.3	432.05	0.5	0.4	virtual
20	433.05	0.4	0.5	
20.3	435.69	0.5	0.4	virtual
21	436.69	0.4	0.5	
22	440.35	0.5	0.5	
22.2	442.03	0.5	0.5	virtual
23	444.03	0.5	0.5	
24	447.74	0.5	0.5	
25	451.34	0.5	0.5	
26	455.34	0.5	0.5	virtual
