Version	GM v 3.0											
Chemistry Kit	GenePrint_24_Panels_v1.0											
BinSet Name	GenePrint_24_Bins_v1.0											
Panel Name	GenePrint_24_Panels_v1.0											
Marker Name	AMEL											
1	79.58	0.5	0.5									
2	85.75	0.5	0.5									
Marker Name	D3S1358											
8	90.42	0.5	0.5	virtual									
9	94.74	0.5	0.5									
10	99.06	0.5	0.5									
11	103.43	0.5	0.5									
12	107.83	0.5	0.5									
13	112.18	0.5	0.5									
14	116.54	0.5	0.5									
14.3	119.78	0.5	0.5	virtual									
15	120.86	0.4	0.5									
15.1	121.92	0.4	0.5	virtual									
15.2	122.99	0.4	0.5	virtual									
15.3	124.05	0.4	0.5	virtual									
16	125.11	0.4	0.5									
16.2	127.23	0.5	0.5	virtual									
17	129.34	0.5	0.5									
17.1	130.41	0.4	0.5	virtual									
17.2	131.48	0.4	0.5	virtual									
18	133.62	0.5	0.5									
18.1	134.66	0.4	0.5	virtual									
18.2	135.71	0.4	0.5	virtual									
18.3	136.75	0.4	0.5	virtual									
19	137.79	0.4	0.5									
20	142	0.5	0.5									
20.1	143.05	0.4	0.5	virtual									
21	146.21	0.5	0.5	virtual									
Marker Name	D1S1656											
8	152.52	0.5	0.5	virtual									
9	156.65	0.5	0.5									
10	160.78	0.5	0.5									
11	164.85	0.5	0.5									
12	168.94	0.5	0.5									
13	173.04	0.5	0.5									
13.3	176.09	0.5	0.4	virtual									
14	177.11	0.4	0.5									
14.3	180.2	0.5	0.4									
15	181.15	0.4	0.5									
15.3	184.25	0.5	0.4									
16	185.21	0.4	0.5									
16.2	187.28	0.5	0.4	virtual									
16.3	188.31	0.4	0.4								
17	189.24	0.4	0.4									
17.1	190.28	0.4	0.5	virtual									
17.3	192.35	0.5	0.4									
18	193.29	0.4	0.5									
18.3	196.38	0.5	0.4									
19	197.34	0.4	0.5									
19.3	200.43	0.5	0.5									
20.3	204.5	0.5	0.4									
21	205.52	0.4	0.5	virtual									
Marker Name	D2S441											
8	208.69	0.5	0.5									
9	212.77	0.5	0.4									
9.1	213.8	0.4	0.5	virtual									
10	216.88	0.5	0.4									
10.1	217.9	0.4	0.5	virtual									
11	220.97	0.5	0.5									
11.3	224.03	0.5	0.4									
12	225.06	0.4	0.5									
12.3	228.17	0.5	0.4	virtual									
13	229.2	0.4	0.4									
13.1	230.23	0.4	0.5	virtual									
13.3	232.29	0.5	0.4	virtual									
14	233.32	0.4	0.5									
14.3	236.43	0.5	0.4	virtual									
15	237.46	0.4	0.5									
16	241.58	0.5	0.5									
17	245.72	0.5	0.5									
Marker Name	D10S1248											
8	250.17	0.5	0.5									
9	254.21	0.5	0.5									
10	258.27	0.5	0.5									
11	262.29	0.5	0.5									
12	266.31	0.5	0.5									
13	270.31	0.5	0.5									
14	274.32	0.5	0.5									
15	278.29	0.5	0.5									
16	282.2	0.5	0.5									
17	286.12	0.5	0.5									
18	290.03	0.5	0.5									
19	293.95	0.5	0.5									
Marker Name	D13S317											
5	297.44	0.5	0.5									
6	301.43	0.5	0.5									
7	305.46	0.5	0.5									
7.1	306.47	0.4	0.5	virtual									
8	309.48	0.5	0.5									
8.1	310.49	0.4	0.5	virtual									
9	313.52	0.5	0.5									
10	317.57	0.5	0.5									
11	321.62	0.5	0.5									
12	325.68	0.5	0.5									
12.3	328.76	0.5	0.5	virtual									
13	329.79	0.4	0.5									
13.3	332.84	0.5	0.5	virtual									
14	333.86	0.4	0.5									
15	337.97	0.5	0.5									
16	342.05	0.5	0.5									
17	346.13	0.5	0.5									
Marker Name	Penta E											
4	361.36	0.5	0.5	virtual									
5	366.17	0.5	0.5									
6	370.98	0.5	0.5									
7	375.76	0.5	0.5									
8	380.64	0.5	0.5									
9	385.53	0.5	0.5									
10	390.39	0.5	0.5									
11	395.29	0.5	0.5									
11.4	399.18	0.5	0.5	virtual									
12	400.15	0.4	0.5									
13	404.93	0.5	0.5									
14	409.7	0.5	0.5									
14.2	411.6	0.5	0.5	virtual									
15	414.45	0.5	0.5									
15.2	416.37	0.5	0.5	virtual									
16	419.24	0.5	0.5									
16.4	423.07	0.5	0.5	virtual									
17	424.03	0.4	0.5									
17.4	428.01	0.5	0.5	virtual									
18	429.01	0.4	0.5									
19	434	0.5	0.5									
20	438.99	0.5	0.5									
21	444	0.5	0.5									
22	448.99	0.5	0.5									
23	453.77	0.5	0.5									
24	458.52	0.5	0.5									
25	463.27	0.5	0.5	virtual									
Marker Name	D16S539											
4	73.03	0.5	0.5									
5	77.51	0.5	0.5									
6	81.93	0.5	0.5									
7	86.35	0.5	0.5									
8	90.73	0.5	0.5									
8.3	94.01	0.5	0.4	virtual									
9	95.1	0.4	0.5									
9.3	98.36	0.5	0.4	virtual									
10	99.44	0.4	0.5									
10.3	102.74	0.5	0.4	virtual									
11	103.84	0.4	0.5									
11.3	107.14	0.5	0.4	virtual									
12	108.24	0.4	0.4									
12.1	109.33	0.4	0.4	virtual									
12.2	110.43	0.4	0.5	virtual									
13	112.61	0.5	0.5									
13.3	115.88	0.5	0.4	virtual									
14	116.97	0.4	0.5									
15	121.29	0.5	0.5									
16	125.53	0.5	0.5									
Marker Name	D18S51											
7	128.88	0.5	0.5									
8	133.11	0.5	0.5									
9	137.33	0.5	0.5									
9.2	139.43	0.5	0.5	virtual									
10	141.53	0.5	0.5									
10.2	143.63	0.5	0.5									
11	145.76	0.5	0.5									
11.2	147.86	0.5	0.5	virtual									
12	149.95	0.5	0.5									
12.2	152.05	0.5	0.4	virtual									
12.3	153.1	0.4	0.4	virtual									
13	154.15	0.4	0.4									
13.1	155.2	0.4	0.4	virtual									
13.2	156.24	0.4	0.4									
13.3	157.29	0.4	0.4	virtual									
14	158.34	0.4	0.5									
14.2	160.41	0.5	0.5	virtual									
15	162.47	0.5	0.5									
15.2	164.53	0.5	0.4	virtual									
15.3	165.56	0.4	0.4	virtual									
16	166.59	0.4	0.4									
16.1	167.62	0.4	0.4	virtual									
16.2	168.65	0.4	0.4	virtual									
16.3	169.68	0.4	0.4	virtual									
17	170.71	0.4	0.5									
17.2	172.76	0.5	0.4	virtual									
17.3	173.79	0.4	0.4	virtual									
18	174.81	0.4	0.4									
18.1	175.84	0.4	0.4	virtual									
18.2	176.86	0.4	0.5	virtual									
19	178.91	0.5	0.5									
19.2	180.96	0.5	0.5	virtual									
20	183	0.5	0.5									
20.2	185.05	0.5	0.5	virtual									
21	187.09	0.5	0.4									
21.1	188.11	0.4	0.4	virtual									
21.2	189.13	0.4	0.5	virtual									
22	191.17	0.5	0.5									
22.2	193.22	0.5	0.5	virtual									
23	195.26	0.5	0.5									
23.2	197.32	0.5	0.5	virtual									
24	199.37	0.5	0.5									
24.2	201.42	0.5	0.5	virtual									
25	203.46	0.5	0.5									
26	207.57	0.5	0.5									
27	211.67	0.5	0.5									
Marker Name	D2S1338											
10	220.01	0.5	0.5									
11	224.09	0.5	0.5	virtual									
12	228.17	0.5	0.5									
13	232.25	0.5	0.5	virtual									
14	236.33	0.5	0.5									
15	240.43	0.5	0.5									
16	244.5	0.5	0.5									
17	248.61	0.5	0.5									
18	252.7	0.5	0.5									
18.3	255.78	0.5	0.4	virtual									
19	256.8	0.4	0.5									
19.3	259.9	0.5	0.4	virtual									
20	260.93	0.4	0.5									
21	265.01	0.5	0.5									
22	269.08	0.5	0.5									
22.2	271.12	0.5	0.5	virtual									
23	273.16	0.5	0.5									
23.2	275.19	0.5	0.4	virtual									
23.3	276.2	0.4	0.4	virtual									
24	277.21	0.4	0.5									
24.2	279.22	0.5	0.5	virtual									
25	281.22	0.5	0.5									
26	285.21	0.5	0.5									
27	289.18	0.5	0.5									
28	293.15	0.5	0.5									
29	297.12	0.5	0.5	virtual									
Marker Name	CSF1PO											
5	314.49	0.5	0.5									
6	318.55	0.5	0.5									
7	322.59	0.5	0.5									
7.3	325.64	0.5	0.5	virtual									
8	326.66	0.4	0.5									
8.1	327.69	0.4	0.5	virtual									
8.3	329.74	0.5	0.5	virtual									
9	330.77	0.4	0.5									
9.1	331.8	0.4	0.5	virtual									
10	334.87	0.5	0.5									
10.1	335.88	0.4	0.5	virtual									
10.2	336.9	0.4	0.5	virtual									
10.3	337.91	0.4	0.5	virtual									
11	338.92	0.4	0.5									
11.1	339.94	0.4	0.5	virtual									
11.3	341.98	0.5	0.5	virtual									
12	343	0.4	0.5									
12.1	344.03	0.4	0.5	virtual									
12.3	346.08	0.5	0.5	virtual									
13	347.1	0.4	0.5									
13.3	350.15	0.5	0.5	virtual									
14	351.16	0.4	0.5									
15	355.16	0.5	0.5									
16	359.15	0.5	0.5									
Marker Name	Penta D											
2.2	376.6	0.5	0.5									
3.2	381.73	0.5	0.5									
5	389.99	0.5	0.5									
6	395.1	0.5	0.5									
6.4	399.22	0.5	0.5	virtual									
7	400.25	0.4	0.5									
7.4	404.27	0.5	0.5	virtual									
8	405.27	0.4	0.5									
8.2	407.28	0.5	0.5	virtual									
9	410.3	0.5	0.5									
9.2	412.31	0.5	0.5	virtual									
9.4	414.32	0.5	0.5	virtual									
10	415.33	0.4	0.5									
11	420.36	0.5	0.5									
11.1	421.38	0.4	0.5	virtual									
11.2	422.39	0.4	0.5	virtual									
12	425.44	0.5	0.5									
12.1	426.5	0.4	0.5	virtual									
12.2	427.55	0.4	0.5	virtual									
13	430.72	0.5	0.5									
13.4	434.94	0.5	0.5	virtual									
14	436	0.4	0.5									
14.1	437.05	0.4	0.5	virtual									
14.4	440.21	0.5	0.5	virtual									
15	441.26	0.4	0.5									
16	446.53	0.5	0.5									
17	451.7	0.5	0.5									
18	456.87	0.5	0.5	virtual									
Marker Name	TH01											
3	65.12	0.5	0.5									
4	69.68	0.5	0.5									
5	74.11	0.5	0.5									
5.3	77.38	0.5	0.4	virtual									
6	78.47	0.4	0.4									
6.1	79.56	0.4	0.5	virtual									
6.3	81.73	0.5	0.4	virtual									
7	82.82	0.4	0.4									
7.1	83.9	0.4	0.5	virtual									
7.3	86.05	0.5	0.4	virtual									
8	87.12	0.4	0.5									
8.3	90.36	0.5	0.4	virtual									
9	91.44	0.4	0.4									
9.1	92.51	0.4	0.5	virtual									
9.3	94.64	0.5	0.4									
10	95.72	0.4	0.5									
10.3	98.95	0.5	0.4	virtual									
11	100.02	0.4	0.5									
13.3	112.08	0.5	0.5									
Marker Name	vWA											
10	125.64	0.5	0.5									
11	129.94	0.5	0.5									
12	134.07	0.5	0.5									
13	138.21	0.5	0.5									
14	142.38	0.5	0.5									
15	146.53	0.5	0.5									
15.2	148.62	0.5	0.5	virtual									
16	150.7	0.5	0.5									
16.1	151.73	0.4	0.5	virtual									
17	154.82	0.5	0.5									
18	158.96	0.5	0.5									
18.2	161	0.5	0.5	virtual									
18.3	162.01	0.4	0.5	virtual									
19	163.03	0.4	0.5									
20	167.1	0.5	0.5									
21	171.16	0.5	0.5									
22	175.18	0.5	0.5									
23	179.26	0.5	0.5									
24	183.28	0.5	0.5									
25	187.3	0.5	0.5	virtual									
Marker Name	D21S11											
23.2	201.69	0.5	0.5	virtual									
23.3	202.71	0.4	0.5	virtual									
24	203.73	0.4	0.5									
24.2	205.77	0.5	0.5									
24.3	206.78	0.4	0.5	virtual									
25	207.78	0.4	0.5									
25.2	209.83	0.5	0.5									
25.3	210.84	0.4	0.5	virtual									
26	211.84	0.4	0.5									
26.2	213.88	0.5	0.5	virtual									
27	215.92	0.5	0.5									
27.1	216.93	0.4	0.5	virtual									
27.2	217.93	0.4	0.5	virtual									
28	219.94	0.5	0.5									
28.1	220.97	0.4	0.5	virtual									
28.2	222	0.4	0.5									
28.3	223.01	0.4	0.5	virtual									
29	224.02	0.4	0.5									
29.1	225.03	0.4	0.5	virtual									
29.2	226.04	0.4	0.5									
29.3	227.06	0.4	0.5	virtual									
30	228.08	0.4	0.5									
30.1	229.1	0.4	0.5	virtual									
30.2	230.11	0.4	0.5									
30.3	231.13	0.4	0.5	virtual									
31	232.15	0.4	0.5									
31.1	233.15	0.4	0.5	virtual									
31.2	234.14	0.4	0.5									
31.3	235.2	0.4	0.5	virtual									
32	236.26	0.4	0.5									
32.1	237.26	0.4	0.5	virtual									
32.2	238.26	0.4	0.5									
32.3	239.33	0.4	0.5	virtual									
33	240.39	0.4	0.5									
33.1	241.37	0.4	0.5	virtual									
33.2	242.35	0.4	0.5									
33.3	243.38	0.4	0.5	virtual									
34	244.4	0.4	0.5									
34.1	245.43	0.4	0.5	virtual									
34.2	246.45	0.4	0.5									
34.3	247.45	0.4	0.5	virtual									
35	248.45	0.4	0.5									
35.1	249.49	0.4	0.5	virtual									
35.2	250.53	0.4	0.5									
36	252.61	0.5	0.5									
36.1	253.62	0.4	0.5	virtual									
36.2	254.63	0.4	0.5	virtual									
37	256.65	0.5	0.5									
37.2	258.69	0.5	0.5	virtual									
38	260.72	0.5	0.5									
38.2	262.76	0.5	0.5	virtual									
39	264.79	0.5	0.5	virtual									
Marker Name	D7S820											
5	269.78	0.5	0.5									
5.2	271.85	0.5	0.5	virtual									
6	273.91	0.5	0.5									
6.3	276.94	0.5	0.5	virtual									
7	277.95	0.4	0.5									
7.1	278.96	0.4	0.5	virtual									
7.3	280.97	0.5	0.5	virtual									
8	281.97	0.4	0.5									
8.1	282.98	0.4	0.5	virtual									
8.2	283.99	0.4	0.5	virtual									
8.3	284.99	0.4	0.5	virtual									
9	286	0.4	0.5									
9.1	287.01	0.4	0.5	virtual									
9.2	288.02	0.4	0.5	virtual									
9.3	289.03	0.4	0.5	virtual									
10	290.04	0.4	0.5									
10.1	291.04	0.4	0.5	virtual									
10.3	293.05	0.5	0.5	virtual									
11	294.05	0.4	0.5									
11.1	295.06	0.4	0.5	virtual									
11.2	296.07	0.4	0.5	virtual									
11.3	297.07	0.4	0.5	virtual									
12	298.08	0.4	0.5									
12.1	299.09	0.4	0.5	virtual									
12.3	301.1	0.5	0.5	virtual									
13	302.1	0.4	0.5									
13.1	303.11	0.4	0.5	virtual									
14	306.14	0.5	0.5									
14.1	307.16	0.4	0.5	virtual									
15	310.2	0.5	0.5									
16	314.28	0.5	0.5									
Marker Name	D5S818											
5	318.7	0.5	0.5	virtual									
6	322.78	0.5	0.5									
7	326.86	0.5	0.5									
8	330.94	0.5	0.5									
9	335.03	0.5	0.5									
10	339.11	0.5	0.5									
10.1	340.13	0.4	0.5	virtual									
11	343.17	0.5	0.5									
11.1	344.19	0.4	0.5	virtual									
12	347.25	0.5	0.5									
12.1	348.26	0.4	0.5	virtual									
12.3	350.28	0.5	0.5	virtual									
13	351.29	0.4	0.5									
14	355.29	0.5	0.5									
15	359.28	0.5	0.5									
16	363.28	0.5	0.5									
17	367.28	0.5	0.5									
18	371.26	0.5	0.5									
19	375.24	0.5	0.5	virtual									
Marker Name	TPOX											
4	394.15	0.5	0.5									
5	398.22	0.5	0.5									
6	402.2	0.5	0.5									
7	406.18	0.5	0.4									
7.1	407.17	0.4	0.5	virtual									
7.3	409.16	0.5	0.4	virtual									
8	410.15	0.4	0.5									
9	414.14	0.5	0.5									
10	418.14	0.5	0.4									
10.1	419.14	0.4	0.5	virtual									
10.3	421.14	0.5	0.4	virtual									
11	422.14	0.4	0.5									
12	426.19	0.5	0.5									
13	430.38	0.5	0.5									
14	434.55	0.5	0.5									
15	438.72	0.5	0.5									
16	442.9	0.5	0.5									
Marker Name	DYS391											
5	446.54	0.5	0.5									
6	450.69	0.5	0.5									
7	454.66	0.5	0.5									
8	458.63	0.5	0.5									
8.3	461.62	0.5	0.5	virtual									
9	462.61	0.4	0.5									
10	466.54	0.5	0.5									
11	470.48	0.5	0.5									
12	474.42	0.5	0.5									
13	478.45	0.5	0.5									
14	482.5	0.5	0.5									
15	486.58	0.5	0.5									
16	490.68	0.5	0.5									
Marker Name	D8S1179											
6	67.34	0.5	0.5	virtual									
7	71.79	0.5	0.5									
8	76.24	0.5	0.5									
9	80.63	0.5	0.5									
10	85	0.5	0.5									
11	89.34	0.5	0.5									
12	93.7	0.5	0.5									
12.3	97.05	0.5	0.4	virtual									
13	98.17	0.4	0.5									
13.2	100.35	0.5	0.4	virtual									
13.3	101.44	0.4	0.4	virtual									
14	102.53	0.4	0.4									
14.1	103.62	0.4	0.5	virtual									
15	106.9	0.5	0.4									
15.1	108	0.4	0.5	virtual									
15.3	110.19	0.5	0.4	virtual									
16	111.28	0.4	0.5									
17	115.72	0.5	0.5									
18	119.96	0.5	0.5									
19	124.32	0.5	0.5									
20	128.68	0.5	0.5									
Marker Name	D12S391											
13	130.26	0.4	0.5									
14	134.43	0.5	0.5									
15	138.6	0.5	0.5									
16	142.74	0.5	0.5									
17	146.92	0.5	0.5									
17.1	147.95	0.4	0.5	virtual									
17.3	150.02	0.5	0.5									
18	151.08	0.4	0.5									
18.1	152.11	0.4	0.5	virtual									
18.3	154.17	0.5	0.5									
19	155.23	0.4	0.5									
19.1	156.27	0.4	0.5	virtual									
19.3	158.34	0.5	0.5	virtual									
20	159.37	0.4	0.5									
20.1	160.4	0.4	0.5	virtual									
20.3	162.47	0.5	0.5	virtual									
21	163.5	0.4	0.5									
21.3	166.58	0.5	0.5	virtual									
22	167.6	0.4	0.5									
22.3	170.76	0.5	0.5	virtual									
23	171.81	0.4	0.5									
24	175.89	0.5	0.5									
24.3	178.9	0.5	0.5	virtual									
25	179.9	0.4	0.5									
26	184.02	0.5	0.5									
27	188.08	0.5	0.5									
Marker Name	D19S433											
5.2	192.63	0.5	0.5									
6	194.63	0.5	0.5	virtual									
6.2	196.62	0.5	0.5									
7	198.6	0.5	0.5	virtual									
8	202.57	0.5	0.5									
8.2	204.57	0.5	0.5	virtual									
9	206.57	0.5	0.5									
9.2	208.57	0.5	0.5	virtual									
10	210.56	0.5	0.5									
10.2	212.55	0.5	0.5	virtual									
11	214.54	0.5	0.4									
11.1	215.54	0.4	0.4	virtual									
11.2	216.54	0.4	0.5	virtual									
12	218.54	0.5	0.4									
12.1	219.55	0.4	0.4	virtual									
12.2	220.56	0.4	0.5									
13	222.55	0.5	0.4									
13.1	223.55	0.4	0.4	virtual									
13.2	224.55	0.4	0.5									
14	226.54	0.5	0.4									
14.1	227.55	0.4	0.4	virtual									
14.2	228.56	0.4	0.4									
14.3	229.56	0.4	0.4	virtual									
15	230.55	0.4	0.5									
15.2	232.57	0.5	0.5									
16	234.57	0.5	0.4									
16.1	235.58	0.4	0.4	virtual									
16.2	236.58	0.4	0.5									
17	238.57	0.5	0.5									
17.2	240.6	0.5	0.5									
18	242.57	0.5	0.5									
18.1	243.59	0.4	0.4	virtual									
18.2	244.61	0.5	0.5									
19	246.65	0.5	0.5	virtual									
19.2	248.69	0.5	0.5	virtual									
Marker Name	FGA											
12.2	261.18	0.5	0.5	virtual									
13	263.13	0.5	0.5	virtual									
14	267.04	0.5	0.5									
15	270.95	0.5	0.5									
16	274.85	0.5	0.4									
16.1	275.82	0.4	0.4	virtual									
16.2	276.79	0.4	0.5	virtual									
17	278.72	0.5	0.5									
17.2	280.65	0.5	0.5	virtual									
18	282.58	0.5	0.5									
18.2	284.45	0.5	0.5									
19	286.38	0.5	0.4									
19.1	287.33	0.4	0.4	virtual									
19.2	288.27	0.4	0.4									
19.3	289.26	0.4	0.4	virtual									
20	290.24	0.4	0.4									
20.1	291.19	0.4	0.4	virtual									
20.2	292.14	0.4	0.4									
20.3	293.11	0.4	0.4	virtual									
21	294.07	0.4	0.4									
21.1	295.02	0.4	0.4	virtual									
21.2	295.96	0.4	0.4									
21.3	296.95	0.4	0.4	virtual									
22	297.93	0.4	0.4									
22.1	298.86	0.4	0.4	virtual									
22.2	299.78	0.4	0.4									
22.3	300.77	0.4	0.4	virtual									
23	301.76	0.4	0.4									
23.1	302.71	0.4	0.4	virtual									
23.2	303.65	0.4	0.4									
23.3	304.65	0.4	0.4	virtual									
24	305.64	0.4	0.4									
24.1	306.59	0.4	0.4	virtual									
24.2	307.53	0.4	0.4									
24.3	308.52	0.4	0.4	virtual									
25	309.5	0.4	0.4									
25.1	310.46	0.4	0.4	virtual									
25.2	311.41	0.4	0.4									
25.3	312.41	0.4	0.4	virtual									
26	313.4	0.4	0.4									
26.1	314.38	0.4	0.4	virtual									
26.2	315.35	0.4	0.4	virtual									
26.3	316.33	0.4	0.4	virtual									
27	317.3	0.4	0.5									
27.2	319.29	0.5	0.4	virtual									
27.3	320.28	0.4	0.4	virtual									
28	321.27	0.4	0.5									
28.2	323.22	0.5	0.4	virtual									
28.3	324.19	0.4	0.4	virtual									
29	325.16	0.4	0.4									
29.1	326.15	0.4	0.4	virtual									
29.2	327.13	0.4	0.5	virtual									
30	329.1	0.5	0.5									
30.2	331.14	0.5	0.5	virtual									
31	333.19	0.5	0.5	virtual									
31.2	335.23	0.5	0.5									
32	337.2	0.5	0.5	virtual									
32.2	339.17	0.5	0.5									
33.2	343.1	0.5	0.5									
34.2	347.03	0.5	0.5	virtual									
41.2	374.51	0.5	0.5	virtual									
42.2	378.45	0.5	0.5									
43.2	382.39	0.5	0.5									
44.2	386.27	0.5	0.5									
45.2	390.19	0.5	0.5									
46.2	394.02	0.5	0.5									
47.2	397.9	0.5	0.5	virtual									
48.2	401.77	0.5	0.5									
49.2	405.64	0.5	0.5	virtual									
50.2	409.5	0.5	0.5									
51.2	413.37	0.5	0.5	virtual									
Marker Name	D22S1045											
6	425.37	0.5	0.5	virtual									
7	428.56	0.5	0.5									
8	431.75	0.5	0.5									
9	434.89	0.5	0.5									
10	438.08	0.5	0.5									
11	441.2	0.5	0.5									
12	444.38	0.5	0.5									
13	447.52	0.5	0.5									
14	450.65	0.5	0.5									
15	453.65	0.5	0.5									
16	456.64	0.5	0.5									
17	459.6	0.5	0.5									
18	462.6	0.5	0.5									
19	465.59	0.5	0.5									
20	468.56	0.5	0.5									
