Version	GMID-X v 1.2
Chemistry Kit	Investigator_Panels_v9x
BinSet Name	Investigator_Bins_v9xPanel Name	Argus_X12_QS_Panels_v3			
Marker Name	QS1			
1	67.0	0.5	0.5	
2	71.0	0.5	0.5	
Marker Name	AMEL			
1	77.0	0.5	0.5	
2	80.0	0.5	0.5	
Marker Name	DXS10103			
15	111.0	0.5	0.5	
16	115.0	0.5	0.5	
17	119.0	0.5	0.5	
18	123.0	0.5	0.5	
19	127.0	0.5	0.5	
20	131.0	0.5	0.5	
21	135.0	0.5	0.5	
22	139.0	0.5	0.5	
Marker Name	DXS8378			
7	149.0	0.5	0.5	virtual
8	153.0	0.5	0.5	
9	157.0	0.5	0.5	
10	161.0	0.5	0.5	
11	165.0	0.5	0.5	
12	169.0	0.5	0.5	
13	173.0	0.5	0.5	
14	177.0	0.5	0.5	
15	181.0	0.5	0.5	
19	197.0	0.5	0.5	virtual
Marker Name	DXS10101			
21	201.0	0.5	0.5	
23.1	210.0	0.5	0.5	virtual
24	213.0	0.5	0.5	
24.2	215.0	0.5	0.5	
25	217.0	0.5	0.5	
25.2	219.0	0.5	0.5	
26	221.0	0.5	0.5	
26.2	223.0	0.5	0.5	
27	225.0	0.5	0.5	
27.2	227.0	0.5	0.4	
27.3	228.0	0.4	0.4	virtual
28	229.0	0.4	0.5	
28.2	231.0	0.5	0.5	
29	233.0	0.5	0.5	
29.2	235.0	0.5	0.5	
30	237.0	0.5	0.5	
30.2	239.0	0.5	0.5	
31	241.0	0.5	0.4	
31.1	242.0	0.4	0.4	virtual
31.2	243.0	0.4	0.5	
32	245.0	0.5	0.5	
32.2	247.0	0.5	0.5	
33	249.0	0.5	0.5	
33.2	251.0	0.5	0.5	
34	253.0	0.5	0.5	
34.2	255.0	0.5	0.5	
35	257.0	0.5	0.5	
36	261.0	0.5	0.5	
Marker Name	DXS10134			
28	295.0	0.5	0.5	
28.3	298.0	0.5	0.4	virtual
29	299.0	0.4	0.5	
30	303.0	0.5	0.5	
31	307.0	0.5	0.4	
31.1	308.0	0.4	0.5	virtual
32	311.0	0.5	0.4	
32.1	312.0	0.4	0.4	virtual
32.2	313.0	0.4	0.5	virtual
33	315.0	0.5	0.4	
33.1	316.0	0.4	0.5	virtual
34	319.0	0.5	0.4	
34.1	320.0	0.4	0.4	virtual
34.2	321.0	0.4	0.4	virtual
34.3	322.0	0.4	0.4	virtual
35	323.0	0.4	0.5	
35.3	326.0	0.5	0.4	virtual
36	327.0	0.4	0.5	
36.3	330.0	0.5	0.4	virtual
37	331.0	0.4	0.5	
37.2	333.0	0.5	0.4	virtual
37.3	334.0	0.4	0.4	virtual
38	335.0	0.4	0.4	
38.1	336.0	0.4	0.4	virtual
38.2	337.0	0.4	0.4	virtual
38.3	338.0	0.4	0.4	
39	339.0	0.4	0.5	virtual
39.2	341.0	0.5	0.4	virtual
39.3	342.0	0.4	0.4	
40	343.0	0.4	0.4	virtual
40.1	344.0	0.4	0.5	virtual
40.3	346.0	0.5	0.4	
41	347.0	0.4	0.5	virtual
41.3	350.0	0.5	0.5	
42.3	354.0	0.5	0.5	
43.3	358.0	0.5	0.5	
44.3	362.0	0.5	0.5	
Marker Name	DXS10074			
4	103.0	0.5	0.5	
6	111.0	0.5	0.5	virtual
7	115.0	0.5	0.5	
8	119.0	0.5	0.5	
9	123.0	0.5	0.5	
10	127.0	0.5	0.5	
11	131.0	0.5	0.5	
12	135.0	0.5	0.5	
13	139.0	0.5	0.5	
14	143.0	0.5	0.5	
14.3	146.0	0.5	0.4	virtual
15	147.0	0.4	0.5	
15.2	149.0	0.5	0.4	virtual
15.3	150.0	0.4	0.4	virtual
16	151.0	0.4	0.5	
16.2	153.0	0.5	0.5	
17	155.0	0.5	0.5	
17.2	157.0	0.5	0.4	virtual
17.3	158.0	0.4	0.4	virtual
18	159.0	0.4	0.5	
18.3	162.0	0.5	0.4	virtual
19	163.0	0.4	0.5	
19.3	166.0	0.5	0.4	virtual
20	167.0	0.4	0.4	
20.1	168.0	0.4	0.5	virtual
21	171.0	0.5	0.5	
Marker Name	DXS7132			
6	201.0	0.5	0.5	virtual
8	209.0	0.5	0.5	virtual
9	213.0	0.5	0.5	virtual
10	217.0	0.5	0.5	
11	221.0	0.5	0.5	
12	225.0	0.5	0.5	
13	229.0	0.5	0.5	
14	233.0	0.5	0.5	
14.3	236.0	0.5	0.4	virtual
15	237.0	0.4	0.5	
15.3	240.0	0.5	0.4	virtual
16	241.0	0.4	0.5	
16.3	244.0	0.5	0.4	virtual
17	245.0	0.4	0.5	
17.3	248.0	0.5	0.4	virtual
18	249.0	0.4	0.5	
18.3	252.0	0.5	0.4	virtual
19	253.0	0.4	0.5	virtual
Marker Name	DXS10135			
12.1	270.0	0.5	0.5	
13	273.0	0.5	0.5	
14	277.0	0.5	0.4	
14.1	278.0	0.4	0.5	virtual
15	281.0	0.5	0.5	virtual
16	285.0	0.5	0.4	
16.1	286.0	0.4	0.5	virtual
17	289.0	0.5	0.4	
17.1	290.0	0.4	0.5	virtual
18	293.0	0.5	0.4	
18.1	294.0	0.4	0.5	virtual
19	297.0	0.5	0.4	
19.1	298.0	0.4	0.5	virtual
20	301.0	0.5	0.4	
20.1	302.0	0.4	0.5	virtual
20.3	304.0	0.5	0.4	virtual
21	305.0	0.4	0.4	
21.1	306.0	0.4	0.5	virtual
21.3	308.0	0.5	0.4	virtual
22	309.0	0.4	0.4	
22.1	310.0	0.4	0.5	virtual
23	313.0	0.5	0.4	
23.1	314.0	0.4	0.5	virtual
24	317.0	0.5	0.4	
24.1	318.0	0.4	0.4	virtual
24.2	319.0	0.4	0.5	virtual
25	321.0	0.5	0.4	
25.1	322.0	0.4	0.5	virtual
26	325.0	0.5	0.4	
26.1	326.0	0.4	0.5	virtual
27	329.0	0.5	0.5	
27.3	332.0	0.5	0.4	virtual
28	333.0	0.4	0.4	
28.1	334.0	0.4	0.5	virtual
29	337.0	0.5	0.4	
29.1	338.0	0.4	0.5	virtual
30	341.0	0.5	0.5	
31	345.0	0.5	0.5	
31.2	347.0	0.5	0.5	virtual
32	349.0	0.5	0.4	
32.1	350.0	0.4	0.5	virtual
33	353.0	0.5	0.5	
33.2	355.0	0.5	0.5	virtual
34	357.0	0.5	0.4	
34.1	358.0	0.4	0.5	virtual
35	361.0	0.5	0.4	
35.1	362.0	0.4	0.4	virtual
35.2	363.0	0.4	0.5	virtual
36	365.0	0.5	0.5	
36.2	367.0	0.5	0.5	virtual
37	369.0	0.5	0.5	virtual
37.2	371.0	0.5	0.5	
39.2	379.0	0.5	0.5	
Marker Name	DXS7423			
8	133.0	0.5	0.5	virtual
10	141.0	0.5	0.5	virtual
12	149.0	0.5	0.5	
13	153.0	0.5	0.5	
13.2	155.0	0.4	0.4	virtual
14	157.0	0.5	0.5	
15	161.0	0.5	0.5	
16	165.0	0.5	0.5	
17	169.0	0.5	0.5	
18	173.0	0.4	0.4	
Marker Name	DXS10146			
21	175.0	0.5	0.5	
22	179.0	0.5	0.5	virtual
23	183.0	0.5	0.5	
24	187.0	0.5	0.5	
25	191.0	0.5	0.5	
26	195.0	0.5	0.5	
26.3	198.0	0.5	0.4	virtual
27	199.0	0.4	0.5	
27.3	202.0	0.5	0.4	virtual
28	203.0	0.4	0.4	
28.1	204.0	0.4	0.4	virtual
28.2	205.0	0.4	0.4	virtual
28.3	206.0	0.4	0.4	virtual
29	207.0	0.4	0.5	
29.2	209.0	0.5	0.5	virtual
30	211.0	0.5	0.5	
31	215.0	0.5	0.5	
31.3	218.0	0.5	0.4	virtual
32	219.0	0.4	0.5	
32.2	221.0	0.5	0.5	
33	223.0	0.5	0.5	
33.2	225.0	0.5	0.5	
34	227.0	0.5	0.4	
34.1	228.0	0.4	0.4	virtual
34.2	229.0	0.4	0.5	
35	231.0	0.5	0.5	virtual
35.2	233.0	0.5	0.5	
37.2	241.0	0.5	0.5	virtual
38.2	245.0	0.5	0.5	virtual
39.2	249.0	0.5	0.5	
40.2	253.0	0.5	0.4	
40.3	254.0	0.4	0.4	virtual
41	255.0	0.4	0.5	virtual
41.2	257.0	0.5	0.5	
42.1	260.0	0.5	0.4	virtual
42.2	261.0	0.4	0.5	
43.2	265.0	0.5	0.5	
44.2	269.0	0.5	0.4	
44.3	270.0	0.4	0.5	virtual
45.2	273.0	0.5	0.5	
46.2	277.0	0.5	0.5	
47.2	281.0	0.5	0.5	
Marker Name	DXS10079			
14	290.0	0.5	0.5	
15	294.0	0.5	0.5	
16	298.0	0.5	0.5	
17	302.0	0.5	0.5	
18	306.0	0.5	0.5	
19	310.0	0.5	0.5	
20	314.0	0.5	0.4	
20.1	315.0	0.4	0.5	virtual
20.3	317.0	0.5	0.4	virtual
21	318.0	0.4	0.5	
21.2	320.0	0.5	0.5	virtual
22	322.0	0.5	0.5	
23	326.0	0.5	0.5	
24	330.0	0.5	0.5	virtual
25	334.0	0.5	0.5	
27	342.0	0.5	0.5	
Marker Name	HPRTB			
6	134.0	0.5	0.5	virtual
7	138.0	0.5	0.5	virtual
8	142.0	0.5	0.5	
9	146.0	0.5	0.5	
10	150.0	0.5	0.5	
11	154.0	0.5	0.5	
11.2	156.0	0.5	0.5	virtual
12	158.0	0.5	0.5	
12.2	160.0	0.5	0.5	virtual
13	162.0	0.5	0.5	
14	166.0	0.5	0.5	
15	170.0	0.5	0.5	
16	174.0	0.5	0.5	
17	178.0	0.5	0.5	
18	182.0	0.5	0.5	virtual
19	186.0	0.5	0.5	virtual
Marker Name	DXS10148			
13.3	206.0	0.5	0.4	
14	207.0	0.4	0.5	virtual
16	215.0	0.5	0.5	
17	219.0	0.5	0.5	
18	223.0	0.5	0.5	
18.2	225.0	0.5	0.5	virtual
19	227.0	0.5	0.4	
19.1	228.0	0.4	0.5	virtual
20	231.0	0.5	0.4	
20.1	232.0	0.4	0.5	virtual
21	235.0	0.5	0.5	
21.1	236.0	0.4	0.5	virtual
22	239.0	0.5	0.4	virtual
22.1	240.0	0.4	0.5	
23	243.0	0.5	0.4	virtual
23.1	244.0	0.4	0.5	
24	247.0	0.5	0.4	virtual
24.1	248.0	0.4	0.5	
25	251.0	0.5	0.4	virtual
25.1	252.0	0.4	0.5	
26	255.0	0.5	0.4	virtual
26.1	256.0	0.4	0.5	
27	259.0	0.5	0.4	virtual
27.1	260.0	0.4	0.4	
27.2	261.0	0.4	0.5	virtual
28	263.0	0.5	0.4	virtual
28.1	264.0	0.4	0.4	
28.2	265.0	0.4	0.5	virtual
29	267.0	0.5	0.4	virtual
29.1	268.0	0.4	0.5	
30	271.0	0.5	0.4	virtual
30.1	272.0	0.4	0.5	
31	275.0	0.5	0.4	
31.1	276.0	0.4	0.5	virtual
33.1	284.0	0.5	0.5	
38.1	304.0	0.5	0.5	
Marker Name	D21S11			
24	332.0	0.5	0.5	
24.2	334.0	0.5	0.5	
25	336.0	0.5	0.5	
25.2	338.0	0.5	0.5	virtual
26	340.0	0.5	0.5	
26.2	342.0	0.5	0.5	
27	344.0	0.5	0.5	
28	348.0	0.5	0.5	
28.2	350.0	0.5	0.4	
28.3	351.0	0.4	0.4	virtual
29	352.0	0.4	0.5	
29.2	354.0	0.5	0.4	
29.3	355.0	0.4	0.4	virtual
30	356.0	0.4	0.5	
30.2	358.0	0.5	0.5	virtual
31	360.0	0.5	0.5	
31.2	362.0	0.5	0.5	
32	364.0	0.5	0.5	
32.2	366.0	0.5	0.5	
33	368.0	0.5	0.4	
33.1	369.0	0.4	0.4	virtual
33.2	370.0	0.4	0.5	
34	372.0	0.5	0.4	
34.1	373.0	0.4	0.4	virtual
34.2	374.0	0.4	0.5	
35	376.0	0.5	0.5	
35.2	378.0	0.5	0.5	virtual
36	380.0	0.5	0.5	
36.2	382.0	0.5	0.5	
37	384.0	0.5	0.5	