Version	GMID-X v 1.0			
Chemistry Kit	Yfiler_Plus_v3			
BinSet Name	Yfiler_Plus_Bins_v3			
Panel Name	Yfiler_Plus_Panel_v3			
Marker Name	DYS576			
9	69	0.5	0.5	virtual
10	73	0.5	0.5	
11	77	0.5	0.5	
12	81	0.5	0.5	
13	85	0.5	0.5	
14	89	0.5	0.5	
15	93	0.5	0.5	
16	97	0.5	0.5	
17	101	0.5	0.5	
18	105	0.5	0.5	
19	109	0.5	0.5	
20	113	0.5	0.5	
21	117	0.5	0.5	
22	121	0.5	0.5	
23	125	0.5	0.5	
24	129	0.5	0.5	
25	133	0.5	0.5	
26	137	0.5	0.5	virtual
Marker Name	DYS389I			
8	143	0.5	0.5	virtual
9	147	0.5	0.5	
10	151	0.5	0.5	
11	155	0.5	0.5	
12	159	0.5	0.5	
12.2	161	0.5	0.45	virtual
12.3	162	0.45	0.4	virtual
13	163	0.5	0.5	
13.3	166	0.5	0.5	virtual
14	167	0.5	0.5	
15	171	0.5	0.5	
16	175	0.5	0.5	
17	179	0.5	0.5	
18	183	0.5	0.5	virtual
Marker Name	DYS635			
14	188	0.5	0.5	virtual
15	192	0.5	0.5	
16	196	0.5	0.5	
17	200	0.5	0.5	
18	204	0.5	0.5	
18.3	207	0.5	0.4	virtual
19	208	0.5	0.5	
20	212	0.5	0.5	
20.1	213	0.4	0.5	virtual
20.3	215	0.5	0.4	virtual
21	216	0.5	0.5	
21.3	219	0.5	0.4	virtual
22	220	0.5	0.5	
23	224	0.5	0.5	
23.1	225	0.4	0.5	virtual
24	228	0.5	0.5	
25	232	0.5	0.5	
26	236	0.5	0.5	
27	240	0.5	0.5	
28	244	0.5	0.5	
28.2	246	0.5	0.5	virtual
29	248	0.5	0.5	
30	252	0.5	0.5	
31	256	0.5	0.5	virtual
Marker Name	DYS389II			
23	261	0.5	0.5	virtual
24	265	0.4	0.4	
25	269	0.4	0.4	
26	273	0.5	0.5	
27	277	0.5	0.5	
28	281	0.5	0.5	
28.2	283	0.5	0.5	virtual
29	285	0.5	0.5	
29.3	288	0.5	0.4	virtual
30	289	0.5	0.5	
31	293	0.5	0.5	
31.1	294	0.4	0.5	virtual
32	297	0.5	0.5	
33	301	0.5	0.5	
34	305	0.5	0.5	
35	309	0.5	0.5	
36	313	0.5	0.5	virtual
Marker Name	DYS627			
10	321	0.5	0.5	virtual
11	325	0.5	0.5	
12	329	0.5	0.5	
13	333	0.5	0.5	
14	337	0.5	0.5	
15	341	0.5	0.5	
16	345	0.5	0.5	
17	349	0.5	0.5	
17.2	351	0.5	0.5	virtual
18	353	0.5	0.5	
18.2	355	0.5	0.5	virtual
19	357	0.5	0.5	
19.2	359	0.5	0.5	virtual
20	361	0.5	0.5	
20.1	362	0.4	0.45	virtual
20.2	363	0.45	0.5	virtual
21	365	0.5	0.5	
21.2	367	0.5	0.5	virtual
22	369	0.5	0.5	
23	373	0.5	0.5	
24	377	0.5	0.5	
25	381	0.5	0.5	
25.2	383	0.5	0.5	virtual
26	385	0.5	0.5	
27	389	0.5	0.5	
28	393	0.5	0.5	virtual
Marker Name	DYS460			
6	76	0.5	0.5	virtual
7	80	0.5	0.5	
8	84	0.5	0.5	
9	88	0.5	0.5	
10	92	0.5	0.5	
11	96	0.5	0.5	
12	100	0.5	0.5	
13	104	0.5	0.5	
14	108	0.5	0.5	
15	112	0.5	0.5	virtual
Marker Name	DYS458			
10	116	0.5	0.5	virtual
10.3	119	0.5	0.4	virtual
11	120	0.5	0.5	
12	124	0.5	0.5	
12.2	126	0.5	0.5	virtual
13	128	0.5	0.5	
14	132	0.5	0.5	
14.1	133	0.4	0.45	virtual
14.2	134	0.45	0.5	virtual
15	136	0.5	0.5	
15.1	137	0.4	0.45	virtual
15.2	138	0.45	0.5	virtual
16	140	0.5	0.5	
16.1	141	0.4	0.45	virtual
16.2	142	0.45	0.45	virtual
16.3	143	0.45	0.4	virtual
17	144	0.5	0.5	
17.1	145	0.4	0.45	virtual
17.2	146	0.45	0.45	virtual
17.3	147	0.45	0.4	virtual
18	148	0.5	0.5	
18.1	149	0.4	0.45	virtual
18.2	150	0.45	0.45	virtual
18.3	151	0.45	0.4	virtual
19	152	0.5	0.5	
19.1	153	0.4	0.45	virtual
19.2	154	0.45	0.5	virtual
20	156	0.5	0.5	
20.2	158	0.5	0.5	virtual
21	160	0.5	0.5	
21.2	162	0.5	0.5	virtual
22	164	0.5	0.5	
22.2	166	0.5	0.5	virtual
23	168	0.5	0.5	
23.2	170	0.5	0.5	virtual
24	172	0.5	0.5	
25	176	0.5	0.5	virtual
Marker Name	DYS19			
8	181	0.5	0.5	virtual
9	185	0.5	0.5	
10	189	0.5	0.5	
11	193	0.5	0.5	
12	197	0.5	0.5	
13	201	0.5	0.5	
13.2	203	0.5	0.5	virtual
14	205	0.5	0.5	
14.1	206	0.4	0.45	virtual
14.2	207	0.45	0.45	virtual
14.3	208	0.45	0.4	virtual
15	209	0.5	0.5	
15.2	211	0.5	0.5	virtual
16	213	0.5	0.5	
16.2	215	0.5	0.5	virtual
17	217	0.5	0.5	
18	221	0.5	0.5	
19	225	0.5	0.5	
20	229	0.5	0.5	virtual
Marker Name	Y-GATA-H4			
7	232	0.5	0.5	virtual
8	236	0.5	0.5	
9	240	0.5	0.5	
10	244	0.5	0.5	
11	248	0.5	0.5	
11.2	250	0.5	0.5	virtual
12	252	0.5	0.5	
13	256	0.5	0.5	
14	260	0.5	0.5	
14.1	261	0.4	0.5	virtual
15	264	0.5	0.5	
16	268	0.5	0.5	virtual
Marker Name	DYS448			
13	272	0.5	0.5	virtual
14	278	0.5	0.5	
14.4	282	0.5	0.5	virtual
15	284	0.5	0.5	
15.2	286	0.5	0.5	virtual
16	290	0.5	0.5	
16.2	292	0.5	0.5	virtual
17	296	0.5	0.5	
17.2	298	0.5	0.5	virtual
17.4	300	0.5	0.5	virtual
18	302	0.5	0.5	
18.1	303	0.4	0.45	virtual
18.2	304	0.45	0.45	virtual
18.3	305	0.45	0.45	virtual
18.4	306	0.45	0.45	virtual
18.5	307	0.45	0.4	virtual
19	308	0.5	0.5	
19.2	310	0.5	0.45	virtual
19.3	311	0.45	0.45	virtual
19.4	312	0.45	0.45	virtual
19.5	313	0.45	0.4	virtual
20	314	0.5	0.5	
20.1	315	0.4	0.45	virtual
20.2	316	0.45	0.45	virtual
20.3	317	0.45	0.45	virtual
20.4	318	0.45	0.5	virtual
21	320	0.5	0.5	
21.2	322	0.5	0.5	virtual
21.4	324	0.5	0.5	virtual
22	326	0.5	0.5	
23	332	0.5	0.5	
24	338	0.5	0.5	
25	344	0.5	0.5	virtual
Marker Name	DYS391			
4	350	0.5	0.5	virtual
5	354	0.5	0.5	
6	358	0.5	0.5	
7	362	0.5	0.5	
8	366	0.5	0.5	
8.3	369	0.5	0.4	virtual
9	370	0.5	0.5	
10	374	0.5	0.5	
11	378	0.5	0.5	
12	382	0.5	0.5	
13	386	0.5	0.5	
14	390	0.5	0.5	
15	394	0.5	0.5	
16	398	0.5	0.5	
17	402	0.5	0.5	virtual
Marker Name	DYS456			
9	72	0.5	0.5	virtual
10	76	0.5	0.5	
11	81	0.5	0.5	
12	85	0.5	0.5	
13	89	0.5	0.5	
14	94	0.5	0.5	
15	98	0.5	0.5	
15.3	101	0.5	0.4	virtual
16	102	0.5	0.5	
16.1	103	0.4	0.5	virtual
17	106	0.5	0.5	
18	110	0.5	0.5	
18.3	113	0.5	0.4	virtual
19	114	0.5	0.5	
20	118	0.5	0.5	
21	122	0.5	0.5	
22	126	0.5	0.5	
23	130	0.5	0.5	
24	134	0.5	0.5	
Marker Name	DYS390			
16	140	0.5	0.5	virtual
17	144	0.5	0.5	
18	148	0.5	0.5	
19	152	0.5	0.5	
20	156	0.5	0.5	
21	160	0.5	0.5	
21.1	161	0.4	0.5	virtual
22	164	0.5	0.5	
23	168	0.5	0.5	
24	172	0.5	0.5	
24.3	175	0.5	0.4	virtual
25	176	0.5	0.5	
26	180	0.5	0.5	
27	184	0.5	0.5	
28	188	0.5	0.5	
29	192	0.5	0.5	
30	196	0.5	0.5	virtual
Marker Name	DYS438			
5	203	0.5	0.5	virtual
6	208	0.5	0.5	
7	213	0.5	0.5	
8	218	0.5	0.5	
8.2	220	0.5	0.5	virtual
9	223	0.5	0.5	
9.2	225	0.5	0.5	virtual
10	228	0.5	0.5	
11	233	0.5	0.5	
11.2	235	0.5	0.5	virtual
12	238	0.5	0.5	
13	243	0.5	0.5	
13.2	245	0.5	0.5	virtual
14	248	0.5	0.5	
14.1	249	0.4	0.5	virtual
15	253	0.5	0.5	
16	258	0.5	0.5	
17	263	0.5	0.5	virtual
Marker Name	DYS392			
3	271	0.5	0.5	virtual
4	274	0.5	0.5	
5	277	0.5	0.5	
6	280	0.5	0.5	
7	283	0.5	0.5	
8	286	0.5	0.5	
9	289	0.5	0.5	
10	292	0.5	0.5	
10.2	294	0.5	0.4	virtual
11	295	0.5	0.5	
11.1	296	0.4	0.45	virtual
11.2	297	0.45	0.4	virtual
12	298	0.5	0.5	
12.2	300	0.5	0.4	virtual
13	301	0.5	0.5	
13.1	302	0.4	0.45	virtual
13.2	303	0.45	0.4	virtual
14	304	0.5	0.5	
14.1	305	0.4	0.45	virtual
14.2	306	0.45	0.4	virtual
15	307	0.5	0.5	
16	310	0.5	0.5	
17	313	0.5	0.5	
18	316	0.5	0.5	
19	319	0.5	0.5	
20	322	0.5	0.5	
21	325	0.5	0.5	virtual
Marker Name	DYS518			
31	329	0.5	0.5	virtual
32	333	0.5	0.5	
33	337	0.5	0.5	
34	341	0.5	0.5	
34.3	344	0.5	0.4	virtual
35	345	0.5	0.5	
35.2	347	0.5	0.5	virtual
36	349	0.5	0.5	
37	353	0.5	0.5	
37.1	354	0.4	0.45	virtual
37.2	355	0.45	0.5	virtual
38	357	0.5	0.5	
38.2	359	0.5	0.5	virtual
39	361	0.5	0.5	
39.2	363	0.5	0.5	virtual
40	365	0.5	0.5	
40.2	367	0.5	0.5	virtual
41	369	0.5	0.5	
42	373	0.5	0.5	
43	377	0.5	0.5	
44	381	0.5	0.5	
45	385	0.5	0.5	
46	389	0.5	0.5	
47	393	0.5	0.5	
48	397	0.5	0.5	
49	401	0.5	0.5	
50	405	0.5	0.5	virtual
Marker Name	DYS570			
9	95	0.5	0.5	virtual
10	99	0.5	0.5	
11	103	0.5	0.5	
12	107	0.5	0.5	
13	111	0.5	0.5	
14	115	0.5	0.5	
15	119	0.5	0.5	
16	123	0.5	0.5	
17	127	0.5	0.5	
18	131	0.5	0.5	
19	135	0.5	0.5	
19.3	138	0.5	0.4	virtual
20	139	0.5	0.5	
21	143	0.5	0.5	
22	147	0.5	0.5	
23	151	0.5	0.5	
24	155	0.5	0.5	
25	159	0.5	0.5	
26	163	0.5	0.5	
27	167	0.5	0.5	virtual
Marker Name	DYS437			
9	174	0.5	0.5	virtual
10	178	0.5	0.5	
11	182	0.5	0.5	
12	186	0.5	0.5	
12.1	187	0.4	0.5	virtual
13	190	0.5	0.5	
13.1	191	0.4	0.45	virtual
13.2	192	0.45	0.5	virtual
14	194	0.5	0.5	
15	198	0.5	0.5	
16	202	0.5	0.5	
17	206	0.5	0.5	
18	210	0.5	0.5	
18.2	212	0.5	0.5	virtual
19	214	0.5	0.5	virtual
Marker Name	DYS385 a/b			
5	221	0.5	0.5	virtual
6	225	0.5	0.5	
7	229	0.5	0.5	
8	233	0.5	0.5	
9	237	0.5	0.5	
9.2	239	0.5	0.5	virtual
10	241	0.5	0.5	
10.2	243	0.5	0.5	virtual
11	245	0.5	0.5	
11.2	247	0.5	0.45	virtual
11.3	248	0.45	0.4	virtual
12	249	0.5	0.5	
12.1	250	0.4	0.45	virtual
12.2	251	0.45	0.45	virtual
12.3	252	0.45	0.4	virtual
13	253	0.5	0.5	
13.1	254	0.4	0.45	virtual
13.2	255	0.45	0.45	virtual
13.3	256	0.45	0.4	virtual
14	257	0.5	0.5	
14.2	259	0.5	0.5	virtual
15	261	0.5	0.5	
15.2	263	0.5	0.45	virtual
15.3	264	0.45	0.4	virtual
16	265	0.5	0.5	
16.1	266	0.4	0.45	virtual
16.2	267	0.45	0.45	virtual
16.3	268	0.45	0.4	virtual
17	269	0.5	0.5	
17.1	270	0.4	0.45	virtual
17.2	271	0.45	0.45	virtual
17.3	272	0.45	0.4	virtual
18	273	0.5	0.5	
18.2	275	0.5	0.5	virtual
19	277	0.5	0.5	
19.2	279	0.5	0.5	virtual
20	281	0.5	0.5	
21	285	0.5	0.5	
22	289	0.5	0.5	
23	293	0.5	0.5	
24	297	0.5	0.5	
25	301	0.5	0.5	
26	305	0.5	0.5	
27	309	0.5	0.5	
28	313	0.5	0.5	
29	317	0.5	0.5	virtual
Marker Name	DYS449			
21	322	0.5	0.5	virtual
22	326	0.5	0.5	
23	330	0.5	0.5	
24	334	0.5	0.5	
25	338	0.5	0.5	
26	342	0.5	0.5	
27	346	0.5	0.5	
28	350	0.5	0.5	
29	354	0.5	0.5	
30	358	0.5	0.5	
31	362	0.5	0.5	
32	366	0.5	0.5	
33	370	0.5	0.5	
34	374	0.5	0.5	
35	378	0.5	0.5	
36	382	0.5	0.5	
37	386	0.5	0.5	
38	390	0.5	0.5	
39	394	0.5	0.5	
40	398	0.5	0.5	
41	402	0.5	0.5	virtual
Marker Name	DYS393			
6	86	0.5	0.5	virtual
7	90	0.5	0.5	
8	94	0.5	0.5	
9	98	0.5	0.5	
10	102	0.5	0.5	
11	106	0.5	0.5	
12	110	0.5	0.5	
12.1	111	0.4	0.45	virtual
12.2	112	0.45	0.5	virtual
13	114	0.5	0.5	
14	118	0.5	0.5	
15	122	0.5	0.5	
16	126	0.5	0.5	
17	130	0.5	0.5	
18	134	0.5	0.5	
19	138	0.5	0.5	virtual
Marker Name	DYS439			
5	147	0.5	0.5	virtual
6	151	0.5	0.5	
7	155	0.5	0.5	
8	159	0.5	0.5	
9	163	0.5	0.5	
10	167	0.5	0.5	
10.2	169	0.5	0.5	virtual
11	171	0.5	0.5	
11.1	172	0.4	0.5	virtual
11.3	174	0.5	0.4	virtual
12	175	0.5	0.5	
13	179	0.5	0.5	
13.1	180	0.4	0.5	virtual
14	183	0.5	0.5	
15	187	0.5	0.5	
16	191	0.5	0.5	
17	195	0.5	0.5	
18	199	0.5	0.5	virtual
Marker Name	DYS481			
16	204	0.5	0.5	virtual
17	207	0.5	0.5	
18	210	0.5	0.5	
19	213	0.5	0.5	
20	216	0.5	0.5	
21	219	0.5	0.5	
22	222	0.5	0.5	
23	225	0.5	0.5	
24	228	0.5	0.5	
24.1	229	0.4	0.5	virtual
25	231	0.5	0.5	
25.1	232	0.4	0.5	virtual
26	234	0.5	0.5	
26.1	235	0.4	0.5	virtual
27	237	0.5	0.5	
27.1	238	0.4	0.5	virtual
28	240	0.5	0.5	
29	243	0.5	0.5	
30	246	0.5	0.5	
31	249	0.5	0.5	
32	252	0.5	0.5	
33	255	0.5	0.5	virtual
Marker Name	DYF387S1			
29	260	0.5	0.5	virtual
30	264	0.5	0.5	
31	268	0.5	0.5	
32	272	0.5	0.5	
33	276	0.5	0.5	
34	280	0.5	0.5	
35	284	0.5	0.5	
36	288	0.5	0.5	
37	292	0.5	0.5	
37.3	295	0.5	0.4	virtual
38	296	0.5	0.5	
39	300	0.5	0.5	
39.2	302	0.5	0.5	virtual
40	304	0.5	0.5	
41	308	0.5	0.5	
41.2	310	0.5	0.5	virtual
42	312	0.5	0.5	
43	316	0.5	0.5	
44	320	0.5	0.5	
45	324	0.5	0.5	virtual
Marker Name	DYS533			
6	335	0.5	0.5	virtual
7	339	0.5	0.5	
8	343	0.5	0.5	
9	347	0.5	0.5	
10	351	0.5	0.5	
11	355	0.5	0.5	
12	359	0.5	0.5	
13	363	0.5	0.5
13.1	364	0.4	0.5	virtual	
14	367	0.5	0.5	
15	371	0.5	0.5	
16	375	0.5	0.5	
17	379	0.5	0.5	
18	383	0.5	0.5	virtual
