Version	GMID-X v 1.0			
Chemistry Kit	PowerPlex_Fusion_Panels_IDX_v1.0			
BinSet Name	PowerPlex_Fusion_Bins_IDX_v1.0			
Panel Name	PowerPlex_Fusion_Panels_IDX_v1.0			
Marker Name	AMEL			
1	83.86	0.5	0.5	
2	89.61	0.5	0.5	
Marker Name	D3S1358			
8	93.91	0.5	0.5	virtual
9	98.05	0.5	0.5	
10	102.16	0.5	0.5	
11	106.3	0.5	0.5	
12	110.45	0.5	0.5	
13	114.58	0.5	0.5	
14	118.74	0.5	0.5	
14.3	121.82	0.5	0.5	virtual
15	122.84	0.4	0.5	
15.1	123.86	0.4	0.5	virtual
15.2	124.89	0.4	0.5	virtual
15.3	125.91	0.4	0.5	virtual
16	126.93	0.4	0.5	
16.2	128.96	0.5	0.5	virtual
17	130.99	0.5	0.5	
17.1	132.02	0.4	0.5	virtual
17.2	133.06	0.4	0.5	virtual
18	135.12	0.5	0.5	
18.1	136.13	0.4	0.5	virtual
18.2	137.15	0.4	0.5	virtual
18.3	138.16	0.4	0.5	virtual
19	139.17	0.4	0.5	
20	143.25	0.5	0.5	
20.1	144.27	0.4	0.5	virtual
21	147.34	0.5	0.5	virtual
Marker Name	D1S1656			
8	153.54	0.5	0.5	virtual
9	157.55	0.5	0.5	
10	161.58	0.5	0.5	
11	165.58	0.5	0.5	
12	169.58	0.5	0.5	
13	173.63	0.5	0.5	
13.3	176.62	0.5	0.45	virtual
14	177.61	0.4	0.5	
14.3	180.66	0.5	0.45	
15	181.59	0.4	0.5	
15.3	184.65	0.5	0.45	
16	185.57	0.4	0.5	
16.2	187.62	0.5	0.45	virtual
16.3	188.64	0.4	0.45	
17	189.57	0.4	0.45	
17.1	190.56	0.4	0.5	virtual
17.3	192.63	0.5	0.45	
18	193.54	0.4	0.5	
18.3	196.61	0.5	0.45	
19	197.55	0.4	0.5	
19.3	200.6	0.5	0.5	
20.3	204.61	0.5	0.45	
21	205.61	0.4	0.5	virtual
Marker Name	D2S441			
8	208.73	0.5	0.5	
9	212.76	0.5	0.5	
10	216.79	0.5	0.5	
10.1	217.8	0.4	0.5	virtual
11	220.84	0.5	0.5	
11.3	223.84	0.5	0.5	
12	224.86	0.4	0.5	
12.3	227.94	0.5	0.5	virtual
13	228.96	0.4	0.5	
13.3	232.02	0.5	0.5	virtual
14	233.04	0.4	0.5	
14.3	236.1	0.5	0.5	virtual
15	237.12	0.4	0.5	
16	241.2	0.5	0.5	
17	245.29	0.5	0.5	
Marker Name	D10S1248			
8	249.97	0.5	0.5	
9	254.04	0.5	0.5	
10	258.06	0.5	0.5	
11	262.07	0.5	0.5	
12	266.08	0.5	0.5	
13	270.05	0.5	0.5	
14	274.06	0.5	0.5	
15	278.01	0.5	0.5	
16	281.91	0.5	0.5	
17	285.82	0.5	0.5	
18	289.72	0.5	0.5	
19	293.59	0.5	0.5	
Marker Name	D13S317			
5	296.85	0.5	0.5	
6	300.81	0.5	0.5	
7	304.83	0.5	0.5	
7.1	305.84	0.4	0.5	virtual
8	308.86	0.5	0.5	
8.1	309.86	0.4	0.5	virtual
9	312.86	0.5	0.5	
10	316.89	0.5	0.5	
11	320.94	0.5	0.5	
12	324.93	0.5	0.5	
12.3	328.02	0.5	0.5	virtual
13	329.05	0.4	0.5	
13.3	332.12	0.5	0.5	virtual
14	333.14	0.4	0.5	
15	337.21	0.5	0.5	
16	341.26	0.5	0.5	
17	345.32	0.5	0.5	
Marker Name	Penta E			
4	360.63	0.5	0.5	virtual
5	365.51	0.5	0.5	
6	370.29	0.5	0.5	
7	375.04	0.5	0.5	
8	379.96	0.5	0.5	
9	384.84	0.5	0.5	
10	389.7	0.5	0.5	
11	394.54	0.5	0.5	
11.4	398.43	0.5	0.5	virtual
12	399.4	0.4	0.5	
13	404.21	0.5	0.5	
14	408.99	0.5	0.5	
14.2	410.9	0.5	0.5	virtual
15	413.76	0.5	0.5	
15.2	415.65	0.5	0.5	virtual
16	418.49	0.5	0.5	
16.4	422.35	0.5	0.5	virtual
17	423.32	0.4	0.5	
17.4	427.25	0.5	0.5	virtual
18	428.23	0.4	0.5	
19	433.21	0.5	0.5	
20	438.18	0.5	0.5	
21	443.09	0.5	0.5	
22	448.13	0.5	0.5	
23	452.99	0.5	0.5	
24	457.78	0.5	0.5	
25	462.46	0.5	0.5	virtual
Marker Name	D16S539			
4	77.94	0.5	0.5	
5	82.01	0.5	0.5	
6	86.09	0.5	0.5	
7	90.18	0.5	0.5	
8	94.27	0.5	0.5	
8.3	97.35	0.5	0.5	virtual
9	98.38	0.4	0.5	
9.3	101.49	0.5	0.5	virtual
10	102.52	0.4	0.5	
10.3	105.66	0.5	0.5	virtual
11	106.7	0.4	0.5	
11.3	109.84	0.5	0.5	virtual
12	110.88	0.4	0.5	
12.1	111.92	0.4	0.5	virtual
13	115.04	0.5	0.5	
13.3	118.18	0.5	0.5	virtual
14	119.22	0.4	0.5	
15	123.33	0.5	0.5	
16	127.41	0.5	0.4	
Marker Name	D18S51			
7	130.46	0.4	0.5	
8	134.54	0.5	0.5	
9	138.62	0.5	0.5	
9.2	140.67	0.5	0.5	virtual
10	142.71	0.5	0.5	
10.2	144.73	0.5	0.5	
11	146.8	0.5	0.5	
11.2	148.85	0.5	0.5	virtual
12	150.89	0.5	0.5	
12.2	152.93	0.5	0.5	virtual
12.3	153.95	0.4	0.5	virtual
13	154.97	0.4	0.5	
13.1	155.98	0.4	0.5	virtual
13.2	156.99	0.4	0.5	
13.3	158.02	0.4	0.5	virtual
14	159.04	0.4	0.5	
14.2	161.07	0.5	0.5	virtual
15	163.09	0.5	0.5	
15.2	165.11	0.5	0.5	virtual
15.3	166.11	0.4	0.5	virtual
16	167.12	0.4	0.5	
16.1	168.13	0.4	0.5	virtual
16.2	169.14	0.4	0.5	virtual
16.3	170.14	0.4	0.5	virtual
17	171.15	0.4	0.5	
17.2	173.15	0.5	0.5	virtual
17.3	174.14	0.4	0.5	virtual
18	175.14	0.4	0.5	
18.1	176.15	0.4	0.5	virtual
18.2	177.15	0.4	0.5	virtual
19	179.16	0.5	0.5	
19.2	181.17	0.5	0.5	virtual
20	183.18	0.5	0.5	
20.2	185.19	0.5	0.5	virtual
21	187.2	0.5	0.5	
21.1	188.21	0.4	0.5	virtual
21.2	189.22	0.4	0.5	virtual
22	191.23	0.5	0.5	
22.2	193.24	0.5	0.5	virtual
23	195.24	0.5	0.5	
24	199.28	0.5	0.5	
24.2	201.3	0.5	0.5	virtual
25	203.31	0.5	0.5	
26	207.34	0.5	0.5	
27	211.38	0.5	0.5	
Marker Name	D2S1338			
10	220.06	0.5	0.5	
11	224.08	0.5	0.5	virtual
12	228.09	0.5	0.5	
13	232.13	0.5	0.5	virtual
14	236.17	0.5	0.5	
15	240.22	0.5	0.5	
16	244.25	0.5	0.5	
17	248.33	0.5	0.5	
18	252.4	0.5	0.5	
18.3	255.45	0.5	0.5	virtual
19	256.47	0.4	0.5	
19.3	259.54	0.5	0.5	virtual
20	260.56	0.4	0.5	
21	264.6	0.5	0.5	
22	268.63	0.5	0.5	
22.2	270.66	0.5	0.5	virtual
23	272.68	0.5	0.5	
23.2	274.68	0.5	0.5	virtual
23.3	275.68	0.4	0.5	virtual
24	276.68	0.4	0.5	
24.2	278.67	0.5	0.5	virtual
25	280.66	0.5	0.5	
26	284.6	0.5	0.5	
27	288.55	0.5	0.5	
28	292.49	0.5	0.5	
Marker Name	CSF1PO			
5	313.98	0.5	0.5	
6	317.99	0.5	0.5	
7	322.04	0.5	0.5	
7.3	325.07	0.5	0.5	virtual
8	326.08	0.4	0.5	
8.1	327.11	0.4	0.5	virtual
8.3	329.16	0.5	0.5	virtual
9	330.18	0.4	0.5	
9.1	331.2	0.4	0.5	virtual
10	334.25	0.5	0.5	
10.1	335.27	0.4	0.5	virtual
10.2	336.3	0.4	0.5	virtual
10.3	337.32	0.4	0.5	virtual
11	338.34	0.4	0.5	
11.1	339.35	0.4	0.5	virtual
11.3	341.37	0.5	0.5	virtual
12	342.38	0.4	0.5	
12.1	343.4	0.4	0.5	virtual
12.3	345.43	0.5	0.5	virtual
13	346.45	0.4	0.5	
13.3	349.48	0.5	0.5	virtual
14	350.49	0.4	0.5	
15	354.5	0.5	0.5	
16	358.49	0.5	0.5	
Marker Name	Penta D			
2.2	375.41	0.5	0.5	
3.2	380.57	0.5	0.5	
5	388.75	0.5	0.5	
6	393.82	0.5	0.5	
6.4	397.92	0.5	0.5	virtual
7	398.94	0.4	0.5	
7.4	402.98	0.5	0.5	virtual
8	403.99	0.4	0.5	
8.2	405.99	0.5	0.5	virtual
9	409	0.5	0.5	
9.2	410.99	0.5	0.5	virtual
9.4	412.98	0.5	0.5	virtual
10	413.98	0.4	0.5	
11	418.96	0.5	0.5	
11.1	419.97	0.4	0.5	virtual
11.2	420.97	0.4	0.5	virtual
12	423.99	0.5	0.5	
12.1	425.03	0.4	0.5	virtual
12.2	426.07	0.4	0.5	virtual
13	429.2	0.5	0.5	
13.4	433.38	0.5	0.5	virtual
14	434.42	0.4	0.5	
14.1	435.46	0.4	0.5	virtual
14.4	438.57	0.5	0.5	virtual
15	439.61	0.4	0.5	
16	444.81	0.5	0.5	
17	450	0.5	0.5	
18	455.21	0.5	0.5	virtual
Marker Name	TH01			
3	70.91	0.5	0.5	
4	74.91	0.5	0.5	
5	78.87	0.5	0.5	
6	82.85	0.5	0.5	
6.1	83.85	0.4	0.5	virtual
7	86.84	0.5	0.5	
7.1	87.84	0.4	0.5	virtual
8	90.85	0.5	0.5	
8.3	93.86	0.5	0.5	virtual
9	94.86	0.4	0.5	
9.1	95.86	0.4	0.5	virtual
9.3	97.86	0.5	0.5	
10	98.88	0.4	0.5	
10.3	101.96	0.5	0.5	virtual
11	102.99	0.4	0.5	
13.3	114.4	0.5	0.5	
Marker Name	vWA			
10	127.59	0.5	0.5	
11	131.74	0.5	0.5	
12	135.72	0.5	0.5	
13	139.75	0.5	0.5	
14	143.81	0.5	0.5	
15	147.86	0.5	0.5	
15.2	149.88	0.5	0.5	virtual
16	151.89	0.5	0.5	
16.1	152.9	0.4	0.5	virtual
17	155.93	0.5	0.5	
18	159.96	0.5	0.5	
18.2	161.97	0.5	0.5	virtual
18.3	162.97	0.4	0.5	virtual
19	163.97	0.4	0.5	
20	167.95	0.5	0.5	
21	171.92	0.5	0.5	
22	175.86	0.5	0.5	
23	179.87	0.5	0.5	
24	183.86	0.5	0.5	
25	187.82	0.5	0.5	virtual
Marker Name	D21S11			
23.2	202.06	0.5	0.5	virtual
23.3	203.06	0.4	0.5	virtual
24	204.06	0.4	0.5	
24.2	206.07	0.5	0.5	
24.3	207.06	0.4	0.5	virtual
25	208.05	0.4	0.5	
25.2	210.07	0.5	0.5	
25.3	211.07	0.4	0.5	virtual
26	212.06	0.4	0.5	
26.2	214.08	0.5	0.5	virtual
27	216.09	0.5	0.5	
27.1	217.08	0.4	0.5	virtual
27.2	218.07	0.4	0.5	virtual
28	220.05	0.5	0.5	
28.1	221.06	0.4	0.5	virtual
28.2	222.07	0.4	0.5	
28.3	223.07	0.4	0.5	virtual
29	224.06	0.4	0.5	
29.1	225.06	0.4	0.5	virtual
29.2	226.05	0.4	0.5	
29.3	227.08	0.4	0.5	virtual
30	228.1	0.4	0.5	
30.1	229.1	0.4	0.5	virtual
30.2	230.1	0.4	0.5	
30.3	231.13	0.4	0.5	virtual
31	232.15	0.4	0.5	
31.1	233.13	0.4	0.5	virtual
31.2	234.11	0.4	0.5	
31.3	235.15	0.4	0.5	virtual
32	236.19	0.4	0.5	
32.1	237.2	0.4	0.5	virtual
32.2	238.2	0.4	0.5	
32.3	239.25	0.4	0.5	virtual
33	240.3	0.4	0.5	
33.1	241.27	0.4	0.5	virtual
33.2	242.24	0.4	0.5	
33.3	243.26	0.4	0.5	virtual
34	244.27	0.4	0.5	
34.1	245.29	0.4	0.5	virtual
34.2	246.3	0.4	0.5	
34.3	247.31	0.4	0.5	virtual
35	248.32	0.4	0.5	
35.1	249.34	0.4	0.5	virtual
35.2	250.35	0.4	0.5	
36	252.43	0.5	0.5	
36.1	253.43	0.4	0.5	virtual
36.2	254.44	0.4	0.5	virtual
37	256.44	0.5	0.5	
37.2	258.47	0.5	0.5	virtual
38	260.49	0.5	0.5	
38.2	262.5	0.5	0.5	virtual
39	264.51	0.5	0.5	virtual
Marker Name	D7S820			
5	269.14	0.5	0.5	
5.2	271.18	0.5	0.5	virtual
6	273.22	0.5	0.5	
6.3	276.24	0.5	0.5	virtual
7	277.25	0.4	0.5	
7.1	278.25	0.4	0.5	virtual
7.3	280.25	0.5	0.5	virtual
8	281.25	0.4	0.5	
8.1	282.25	0.4	0.5	virtual
8.2	283.24	0.4	0.5	virtual
8.3	284.24	0.4	0.5	virtual
9	285.23	0.4	0.5	
9.1	286.23	0.4	0.5	virtual
9.2	287.23	0.4	0.5	virtual
9.3	288.22	0.4	0.5	virtual
10	289.22	0.4	0.5	
10.1	290.22	0.4	0.5	virtual
10.3	292.21	0.5	0.5	virtual
11	293.21	0.4	0.5	
11.1	294.21	0.4	0.5	virtual
11.2	295.21	0.4	0.5	virtual
11.3	296.21	0.4	0.5	virtual
12	297.21	0.4	0.5	
12.1	298.21	0.4	0.5	virtual
12.3	300.2	0.5	0.5	virtual
13	301.2	0.4	0.5	
13.1	302.21	0.4	0.5	virtual
14	305.23	0.5	0.5	
14.1	306.24	0.4	0.5	virtual
15	309.27	0.5	0.5	
16	313.31	0.5	0.5	
Marker Name	D5S818			
5	317.94	0.5	0.5	virtual
6	322.02	0.5	0.5	
7	326.06	0.5	0.5	
8	330.15	0.5	0.5	
9	334.23	0.5	0.5	
10	338.3	0.5	0.5	
10.1	339.31	0.4	0.5	virtual
11	342.33	0.5	0.5	
11.1	343.35	0.4	0.5	virtual
12	346.41	0.5	0.5	
12.1	347.41	0.4	0.5	virtual
12.3	349.42	0.5	0.5	virtual
13	350.42	0.4	0.5	
14	354.45	0.5	0.5	
15	358.43	0.5	0.5	
16	362.41	0.5	0.5	
17	366.38	0.5	0.5	
18	370.35	0.5	0.5	
19	374.52	0.5	0.5	virtual
Marker Name	TPOX			
4	393.44	0.5	0.5	
5	397.57	0.5	0.5	
6	401.55	0.5	0.5	
7	405.53	0.5	0.5	
7.1	406.52	0.4	0.5	virtual
7.3	408.51	0.5	0.5	virtual
8	409.5	0.4	0.5	
9	413.46	0.5	0.5	
10	417.4	0.5	0.5	
10.1	418.41	0.4	0.5	virtual
11	421.43	0.5	0.5	
12	425.38	0.5	0.5	
13	429.58	0.5	0.5	
14	433.72	0.5	0.5	
15	437.85	0.5	0.5	
16	441.97	0.5	0.5	
Marker Name	DYS391			
5	445.01	0.5	0.5	
6	449.15	0.5	0.5	
7	453.19	0.5	0.5	
8	457.16	0.5	0.5	
8.3	460.15	0.5	0.5	virtual
9	461.14	0.4	0.5	
10	465.11	0.5	0.5	
11	469.03	0.5	0.5	
12	473.02	0.5	0.5	
13	477.04	0.5	0.5	
14	481.1	0.5	0.5	
15	485.17	0.5	0.5	
16	489.26	0.5	0.5	
Marker Name	D8S1179			
6	72.76	0.5	0.5	virtual
7	76.8	0.5	0.5	
8	80.81	0.5	0.5	
9	84.83	0.5	0.5	
10	88.87	0.5	0.5	
11	92.92	0.5	0.5	
12	97	0.5	0.5	
12.3	100.17	0.5	0.5	virtual
13	101.22	0.4	0.5	
13.2	103.29	0.5	0.5	virtual
13.3	104.33	0.4	0.5	virtual
14	105.36	0.4	0.5	
14.1	106.4	0.4	0.5	virtual
15	109.5	0.5	0.5	
15.1	110.54	0.4	0.5	virtual
16	113.65	0.5	0.5	
17	117.9	0.5	0.5	
18	121.92	0.5	0.5	
19	126.11	0.5	0.5	
20	130.3	0.5	0.5	virtual
Marker Name	D12S391			
13	131.86	0.4	0.5	virtual
14	135.89	0.5	0.5	
15	139.92	0.5	0.5	
16	143.98	0.5	0.5	
17	148.02	0.5	0.5	
17.1	149.02	0.4	0.5	virtual
17.3	151.02	0.5	0.5	
18	152.06	0.4	0.5	
18.1	153.06	0.4	0.5	virtual
18.3	155.06	0.5	0.5	
19	156.09	0.4	0.5	
19.1	157.1	0.4	0.5	virtual
19.3	159.13	0.5	0.5	virtual
20	160.14	0.4	0.5	
20.1	161.14	0.4	0.5	virtual
20.3	163.15	0.5	0.5	virtual
21	164.15	0.4	0.5	
21.3	167.16	0.5	0.5	virtual
22	168.16	0.4	0.5	
22.3	171.26	0.5	0.5	virtual
23	172.29	0.4	0.5	
24	176.28	0.5	0.5	
24.3	179.24	0.5	0.5	virtual
25	180.23	0.4	0.5	
26	184.26	0.5	0.5	
27	188.28	0.5	0.5	
Marker Name	D19S433			
5.2	193.15	0.5	0.5	
6.2	197.1	0.5	0.5	
7	199.06	0.5	0.5	virtual
8	202.99	0.5	0.5	
8.2	204.97	0.5	0.5	virtual
9	206.94	0.5	0.5	
9.2	208.92	0.5	0.5	virtual
10	210.89	0.5	0.5	
10.2	212.86	0.5	0.5	virtual
11	214.82	0.5	0.5	
11.1	215.81	0.4	0.5	virtual
11.2	216.8	0.4	0.5	virtual
12	218.77	0.5	0.5	
12.1	219.78	0.4	0.5	virtual
12.2	220.78	0.4	0.5	
13	222.74	0.5	0.5	
13.1	223.74	0.4	0.5	virtual
13.2	224.73	0.4	0.5	
14	226.71	0.5	0.5	
14.1	227.72	0.4	0.5	virtual
14.2	228.73	0.4	0.5	
15	230.71	0.5	0.5	
15.2	232.71	0.5	0.5	
16	234.7	0.5	0.5	
16.1	235.71	0.4	0.5	virtual
16.2	236.71	0.4	0.5	
17	238.68	0.5	0.5	
17.2	240.69	0.5	0.5	
18	242.67	0.5	0.5	
18.1	243.67	0.4	0.5	virtual
18.2	244.67	0.4	0.5	
19	246.66	0.5	0.5	virtual
19.2	248.65	0.5	0.5	virtual
Marker Name	FGA			
12.2	260.97	0.5	0.5	virtual
13	262.91	0.5	0.5	virtual
14	266.8	0.5	0.5	
15	270.7	0.5	0.5	
16	274.58	0.5	0.45	
16.1	275.55	0.4	0.5	virtual
17	278.44	0.5	0.5	
17.2	280.36	0.5	0.5	virtual
18	282.27	0.5	0.5	
18.2	284.13	0.5	0.5	
19	286.08	0.5	0.45	
19.1	287.02	0.4	0.45	virtual
19.2	287.96	0.4	0.45	
19.3	288.94	0.4	0.45	virtual
20	289.91	0.4	0.45	
20.1	290.84	0.4	0.45	virtual
20.2	291.77	0.4	0.45	
20.3	292.74	0.4	0.45	virtual
21	293.7	0.4	0.45	
21.1	294.66	0.4	0.45	virtual
21.2	295.62	0.4	0.45	
21.3	296.6	0.4	0.45	virtual
22	297.57	0.4	0.45	
22.1	298.49	0.4	0.45	virtual
22.2	299.41	0.4	0.45	
22.3	300.4	0.4	0.45	virtual
23	301.39	0.4	0.45	
23.1	302.34	0.4	0.45	virtual
23.2	303.28	0.4	0.45	
23.3	304.27	0.4	0.45	virtual
24	305.26	0.4	0.45	
24.1	306.21	0.4	0.45	virtual
24.2	307.16	0.4	0.45	
24.3	308.15	0.4	0.45	virtual
25	309.14	0.4	0.45	
25.1	310.09	0.4	0.45	virtual
25.2	311.03	0.4	0.45	
25.3	312.02	0.4	0.45	virtual
26	313.01	0.4	0.45	
26.1	313.98	0.4	0.45	virtual
26.2	314.95	0.4	0.45	virtual
26.3	315.91	0.4	0.45	virtual
27	316.88	0.4	0.5	
27.2	318.87	0.5	0.45	virtual
27.3	319.87	0.4	0.45	virtual
28	320.86	0.4	0.5	
28.2	322.8	0.5	0.45	virtual
28.3	323.76	0.4	0.45	virtual
29	324.73	0.4	0.45	
29.1	325.72	0.4	0.45	virtual
29.2	326.72	0.4	0.5	virtual
30	328.7	0.5	0.5	
30.2	330.74	0.5	0.5	virtual
31	332.79	0.5	0.5	virtual
31.2	334.83	0.5	0.5	
32.2	338.76	0.5	0.5	
33.2	342.66	0.5	0.5	
34.2	346.58	0.5	0.5	virtual
41.2	374.04	0.5	0.5	virtual
42.2	377.95	0.5	0.5	
43.2	381.93	0.5	0.5	
44.2	385.79	0.5	0.5	
45.2	389.71	0.5	0.5	
46.2	393.46	0.5	0.5	
47.2	397.37	0.5	0.5	virtual
48.2	401.28	0.5	0.5	
49.2	405.15	0.5	0.5	virtual
50.2	409.02	0.5	0.5	
Marker Name	D22S1045			
6	424.33	0.5	0.5	virtual
7	427.45	0.5	0.5	
8	430.58	0.5	0.5	
9	433.69	0.5	0.5	
10	436.83	0.5	0.5	
11	439.94	0.5	0.5	
12	443.04	0.5	0.5	
13	446.21	0.5	0.5	
14	449.27	0.5	0.5	
15	452.36	0.5	0.5	
16	455.37	0.5	0.5	
17	458.36	0.5	0.5	
18	461.36	0.5	0.5	
19	464.34	0.5	0.5	
20	467.31	0.5	0.5	
