Version	GMID-X v 1.2
Chemistry Kit	Investigator_Panels_v8x
BinSet Name	Investigator_Bins_v8x
Panel Name	Argus_X12_QS_Panels_v1
Marker Name	QS1
1	67.0	0.5	0.5	
2	71.0	0.5	0.5	
Marker Name	AMEL
1	77.0	0.5	0.5	
2	80.0	0.5	0.5	
Marker Name	DXS10103
15	111.0	0.5	0.5	
16	115.0	0.5	0.5	
17	119.0	0.5	0.5	
18	123.0	0.5	0.5	
19	127.0	0.5	0.5	
20	131.0	0.5	0.5	
21	135.0	0.5	0.5	
22	139.0	0.5	0.5	
Marker Name	DXS8378
7	151.0	0.5	0.5	virtual	
8	154.0	0.5	0.5	
9	158.0	0.5	0.5	
10	162.0	0.5	0.5	
11	166.0	0.5	0.5	
12	170.0	0.5	0.5	
13	174.0	0.5	0.5	
14	178.0	0.5	0.5	
15	182.0	0.5	0.5	
19	198.0	0.5	0.5	virtual
Marker Name	DXS10101
21	201.0	0.5	0.5	
23.1	210.0	0.5	0.5	
24	213.0	0.5	0.5	
24.2	215.0	0.5	0.5	
25	217.0	0.5	0.5	
25.2	219.0	0.5	0.5	
26	221.0	0.5	0.5	
26.2	223.0	0.5	0.5	
27	225.0	0.5	0.5	
27.2	227.0	0.5	0.4	
27.3	228.0	0.4	0.4	
28	229.0	0.4	0.5	
28.2	231.0	0.5	0.5	
29	233.0	0.5	0.5	
29.2	235.0	0.5	0.5	
30	237.0	0.5	0.5	
30.2	239.0	0.5	0.5	
31	241.0	0.5	0.4	
31.1	242.0	0.4	0.4	
31.2	243.0	0.4	0.5	
32	245.0	0.5	0.5	
32.2	247.0	0.5	0.5	
33	249.0	0.5	0.5	
33.2	251.0	0.5	0.5	
34	253.0	0.5	0.5	
34.2	255.0	0.5	0.5	
35	257.0	0.5	0.5	
36	261.0	0.5	0.5	
Marker Name	DXS10134
28	293.0	0.5	0.5	
28.3	296.0	0.5	0.4	
29	297.0	0.4	0.5	
30	301.0	0.5	0.5	
31	305.0	0.5	0.4	
31.1	306.0	0.4	0.5	
32	309.0	0.5	0.4	
32.1	310.0	0.4	0.4	
32.2	311.0	0.4	0.5	
33	313.0	0.5	0.4	
33.1	314.0	0.4	0.5	
34	317.0	0.5	0.4	
34.1	318.0	0.4	0.4	
34.2	319.0	0.4	0.4	
34.3	320.0	0.4	0.4	
35	321.0	0.4	0.5	
35.3	324.0	0.5	0.4	
36	325.0	0.4	0.5	
36.3	328.0	0.5	0.4	
37	329.0	0.4	0.5	
37.2	331.0	0.5	0.4	
37.3	332.0	0.4	0.4	
38	333.0	0.4	0.4	
38.1	334.0	0.4	0.4	
38.2	335.0	0.4	0.4	
38.3	336.0	0.4	0.4	
39	337.0	0.4	0.5	
39.2	339.0	0.5	0.4	
39.3	340.0	0.4	0.4	
40	341.0	0.4	0.4	
40.1	342.0	0.4	0.5	
40.3	344.0	0.5	0.4	
41	345.0	0.4	0.5	
41.3	348.0	0.5	0.5	
42.3	352.0	0.5	0.5	
43.3	356.0	0.5	0.5	
44.3	360.0	0.5	0.5	
Marker Name	DXS10074
4	100.0	0.5	0.5	
6	108.0	0.5	0.5	
7	112.0	0.5	0.5	
8	116.0	0.5	0.5	
9	120.0	0.5	0.5	
10	124.0	0.5	0.5	
11	128.0	0.5	0.5	
12	132.0	0.5	0.5	
13	136.0	0.5	0.5	
14	140.0	0.5	0.5	
14.3	143.0	0.5	0.4	
15	144.0	0.4	0.5	
15.2	146.0	0.5	0.4	
15.3	147.0	0.4	0.4	
16	148.0	0.4	0.5	
16.2	150.0	0.5	0.5	
17	152.0	0.5	0.5	
17.2	154.0	0.5	0.4	
17.3	155.0	0.4	0.4	
18	156.0	0.4	0.5	
18.3	159.0	0.5	0.4	
19	160.0	0.4	0.5	
19.3	163.0	0.5	0.4	
20	164.0	0.4	0.4	
20.1	165.0	0.4	0.5	
21	168.0	0.5	0.5	
Marker Name	DXS7132
6	199.0	0.5	0.5	virtual
8	207.0	0.5	0.5	virtual
9	211.0	0.5	0.5	virtual
10	215.0	0.5	0.5	
11	219.0	0.5	0.5	
12	223.0	0.5	0.5	
13	227.0	0.5	0.5	
14	231.0	0.5	0.5	
14.3	234.0	0.5	0.4	
15	235.0	0.4	0.5	
15.3	238.0	0.5	0.4	
16	239.0	0.4	0.5	
16.3	242.0	0.5	0.4	
17	243.0	0.4	0.5	
17.3	246.0	0.5	0.4	
18	247.0	0.4	0.5	
18.3	250.0	0.5	0.4	virtual
19	251.0	0.4	0.5	virtual
Marker Name	DXS10135
12.1	270.0	0.5	0.5	
13	273.0	0.5	0.5	
14	277.0	0.5	0.4	
14.1	278.0	0.4	0.5	
15	281.0	0.5	0.5	
16	285.0	0.5	0.4	
16.1	286.0	0.4	0.5	
17	289.0	0.5	0.4	
17.1	290.0	0.4	0.5	
18	293.0	0.5	0.4	
18.1	294.0	0.4	0.5	
19	297.0	0.5	0.4	
19.1	298.0	0.4	0.5	
20	301.0	0.5	0.4	
20.1	302.0	0.4	0.5	
20.3	304.0	0.5	0.4	
21	305.0	0.4	0.4	
21.1	306.0	0.4	0.5	
21.3	308.0	0.5	0.4	
22	309.0	0.4	0.4	
22.1	310.0	0.4	0.5	
23	313.0	0.5	0.4	
23.1	314.0	0.4	0.5	
24	317.0	0.5	0.4	
24.1	318.0	0.4	0.4	
24.2	319.0	0.4	0.5	
25	321.0	0.5	0.4	
25.1	322.0	0.4	0.5	
26	325.0	0.5	0.4	
26.1	326.0	0.4	0.5	
27	329.0	0.5	0.5	
27.3	332.0	0.5	0.4	
28	333.0	0.4	0.4	
28.1	334.0	0.4	0.5	
29	337.0	0.5	0.4	
29.1	338.0	0.4	0.5	
30	341.0	0.5	0.5	
31	345.0	0.5	0.5	
31.2	347.0	0.5	0.5	
32	349.0	0.5	0.4	
32.1	350.0	0.4	0.5	
33	353.0	0.5	0.5	
33.2	355.0	0.5	0.5	
34	357.0	0.5	0.4	
34.1	358.0	0.4	0.5	
35	361.0	0.5	0.4	
35.1	362.0	0.4	0.4	
35.2	363.0	0.4	0.5	
36	365.0	0.5	0.5	
36.2	367.0	0.5	0.5	
37	369.0	0.5	0.5	
37.2	371.0	0.5	0.5	
39.2	379.0	0.5	0.5	
Marker Name	DXS7423
8	133.0	0.5	0.5	virtual
10	141.0	0.5	0.5	virtual
12	149.0	0.5	0.5	
13	153.0	0.5	0.5	
13.2	155.0	0.4	0.4	
14	157.0	0.5	0.5	
15	161.0	0.5	0.5	
16	165.0	0.5	0.5	
17	169.0	0.5	0.5	
18	173.0	0.4	0.4	
Marker Name	DXS10146
21	175.0	0.5	0.5	
22	179.0	0.5	0.5	
23	183.0	0.5	0.5	
24	187.0	0.5	0.5	
25	191.0	0.5	0.5	
26	195.0	0.5	0.5	
26.3	198.0	0.5	0.4	
27	199.0	0.4	0.5	
27.3	202.0	0.5	0.4	
28	203.0	0.4	0.4	
28.1	204.0	0.4	0.4	
28.2	205.0	0.4	0.4	
28.3	206.0	0.4	0.4	
29	207.0	0.4	0.5	
29.2	209.0	0.5	0.5	
30	211.0	0.5	0.5	
31	215.0	0.5	0.5	
31.3	218.0	0.5	0.4	
32	219.0	0.4	0.5	
32.2	221.0	0.5	0.5	
33	223.0	0.5	0.5	
33.2	225.0	0.5	0.5	
34	227.0	0.5	0.4	
34.1	228.0	0.4	0.4	
34.2	229.0	0.4	0.5	
35	231.0	0.5	0.5	
35.2	233.0	0.5	0.5	
37.2	241.0	0.5	0.5	
38.2	245.0	0.5	0.5	
39.2	249.0	0.5	0.5	
40.2	253.0	0.5	0.4	
40.3	254.0	0.4	0.4	
41	255.0	0.4	0.5	
41.2	257.0	0.5	0.5	
42.1	260.0	0.5	0.4	
42.2	261.0	0.4	0.5	
43.2	265.0	0.5	0.5	
44.2	269.0	0.5	0.4	
44.3	270.0	0.4	0.5	
45.2	273.0	0.5	0.5	
46.2	277.0	0.5	0.5	
47.2	281.0	0.5	0.5	
Marker Name	DXS10079
14	290.0	0.5	0.5	
15	294.0	0.5	0.5	
16	298.0	0.5	0.5	
17	302.0	0.5	0.5	
18	306.0	0.5	0.5	
19	310.0	0.5	0.5	
20	314.0	0.5	0.4	
20.1	315.0	0.4	0.5	
20.3	317.0	0.5	0.4	
21	318.0	0.4	0.5	
21.2	320.0	0.5	0.5	
22	322.0	0.5	0.5	
23	326.0	0.5	0.5	
24	330.0	0.5	0.5	
25	334.0	0.5	0.5	
27	342.0	0.5	0.5	
Marker Name	HPRTB
6	131.0	0.5	0.5	virtual
7	135.0	0.5	0.5	virtual
8	139.0	0.5	0.5	
9	143.0	0.5	0.5	
10	147.0	0.5	0.5	
11	151.0	0.5	0.5	
11.2	153.0	0.5	0.5	
12	155.0	0.5	0.5	
12.2	157.0	0.5	0.5	
13	159.0	0.5	0.5	
14	163.0	0.5	0.5	
15	167.0	0.5	0.5	
16	171.0	0.5	0.5	
17	175.0	0.5	0.5	
18	179.0	0.5	0.5	virtual
19	183.0	0.5	0.5	virtual
Marker Name	DXS10148
13.3	210.0	0.5	0.4	
14	211.0	0.4	0.5	
16	219.0	0.5	0.5	
17	223.0	0.5	0.5	
18	227.0	0.5	0.5	
18.2	229.0	0.5	0.5	
19	231.0	0.5	0.4	
19.1	232.0	0.4	0.5	
20	235.0	0.5	0.4	
20.1	236.0	0.4	0.5	
21	239.0	0.5	0.5	
21.1	240.0	0.4	0.5	
22	243.0	0.5	0.4	
22.1	244.0	0.4	0.5	
23	247.0	0.5	0.4	
23.1	248.0	0.4	0.5	
24	251.0	0.5	0.4	
24.1	252.0	0.4	0.5	
25	255.0	0.5	0.4	
25.1	256.0	0.4	0.5	
26	259.0	0.5	0.4	
26.1	260.0	0.4	0.5	
27	263.0	0.5	0.4	
27.1	264.0	0.4	0.4	
27.2	265.0	0.4	0.5	
28	267.0	0.5	0.4	
28.1	268.0	0.4	0.4	
28.2	269.0	0.4	0.5	
29	271.0	0.5	0.4	
29.1	272.0	0.4	0.5	
30	275.0	0.5	0.4	
30.1	276.0	0.4	0.5	
31	279.0	0.5	0.4	
31.1	280.0	0.4	0.5	
33.1	288.0	0.5	0.5	
38.1	308.0	0.5	0.5	
Marker Name	D21S11
24	330.0	0.5	0.5	
24.2	332.0	0.5	0.5	
25	334.0	0.5	0.5	
25.2	336.0	0.5	0.5	
26	338.0	0.5	0.5	
26.2	340.0	0.5	0.5	
27	342.0	0.5	0.5	
28	346.0	0.5	0.5	
28.2	348.0	0.5	0.4	
28.3	349.0	0.4	0.4	
29	350.0	0.4	0.5	
29.2	352.0	0.5	0.4	
29.3	353.0	0.4	0.4	
30	354.0	0.4	0.5	
30.2	356.0	0.5	0.5	
31	358.0	0.5	0.5	
31.2	360.0	0.5	0.5	
32	362.0	0.5	0.5	
32.2	364.0	0.5	0.5	
33	366.0	0.5	0.4	
33.1	367.0	0.4	0.4	
33.2	368.0	0.4	0.5	
34	370.0	0.5	0.4	
34.1	371.0	0.4	0.4	
34.2	372.0	0.4	0.5	
35	374.0	0.5	0.5	
35.2	376.0	0.5	0.5	
36	378.0	0.5	0.5	
36.2	380.0	0.5	0.5	
37	382.0	0.5	0.5	

