# Voltage: 0.4 Time Base: 1e-05
# 30psi he -> 200 torr ar + 1 atm r134a + oil flow 30, delay 100ms 

-0.005 -0.0898
-0.00499 -0.0896
-0.00498 -0.0896
-0.00497 -0.0898
-0.00496 -0.0898
-0.00495 -0.0896
-0.00494 -0.0898
-0.00493 -0.0896
-0.00492 -0.0896
-0.00491 -0.0898
-0.0049 -0.0898
-0.00489 -0.0896
-0.00488 -0.0898
-0.00487 -0.0896
-0.00486 -0.0896
-0.00485 -0.0896
-0.00484 -0.09
-0.00483 -0.0898
-0.00482 -0.0896
-0.00481 -0.0898
-0.0048 -0.0896
-0.00479 -0.0898
-0.00478 -0.09
-0.00477 -0.09
-0.00476 -0.0896
-0.00475 -0.09
-0.00474 -0.0896
-0.00473 -0.0896
-0.00472 -0.0898
-0.00471 -0.0898
-0.0047 -0.0894
-0.00469 -0.0896
-0.00468 -0.0894
-0.00467 -0.0892
-0.00466 -0.0894
-0.00465 -0.0896
-0.00464 -0.0896
-0.00463 -0.0894
-0.00462 -0.0896
-0.00461 -0.0898
-0.0046 -0.0894
-0.00459 -0.0896
-0.00458 -0.0894
-0.00457 -0.0892
-0.00456 -0.0896
-0.00455 -0.0896
-0.00454 -0.0894
-0.00453 -0.0896
-0.00452 -0.0894
-0.00451 -0.0894
-0.0045 -0.0892
-0.00449 -0.0894
-0.00448 -0.0894
-0.00447 -0.0894
-0.00446 -0.0894
-0.00445 -0.0896
-0.00444 -0.0892
-0.00443 -0.0896
-0.00442 -0.0896
-0.00441 -0.0896
-0.0044 -0.09
-0.00439 -0.0898
-0.00438 -0.0898
-0.00437 -0.09
-0.00436 -0.0898
-0.00435 -0.0898
-0.00434 -0.09
-0.00433 -0.0902
-0.00432 -0.09
-0.00431 -0.09
-0.0043 -0.0902
-0.00429 -0.0902
-0.00428 -0.0902
-0.00427 -0.0906
-0.00426 -0.0904
-0.00425 -0.0904
-0.00424 -0.0906
-0.00423 -0.0904
-0.00422 -0.0902
-0.00421 -0.0908
-0.0042 -0.0906
-0.00419 -0.0904
-0.00418 -0.0904
-0.00417 -0.0904
-0.00416 -0.09
-0.00415 -0.0902
-0.00414 -0.0902
-0.00413 -0.09
-0.00412 -0.0898
-0.00411 -0.0902
-0.0041 -0.09
-0.00409 -0.0898
-0.00408 -0.09
-0.00407 -0.0898
-0.00406 -0.0896
-0.00405 -0.0898
-0.00404 -0.0896
-0.00403 -0.0894
-0.00402 -0.0898
-0.00401 -0.0898
-0.004 -0.0896
-0.00399 -0.0898
-0.00398 -0.0896
-0.00397 -0.0896
-0.00396 -0.0894
-0.00395 -0.0894
-0.00394 -0.0894
-0.00393 -0.089
-0.00392 -0.0896
-0.00391 -0.0892
-0.0039 -0.0892
-0.00389 -0.0896
-0.00388 -0.0892
-0.00387 -0.089
-0.00386 -0.0894
-0.00385 -0.0894
-0.00384 -0.0892
-0.00383 -0.0896
-0.00382 -0.0894
-0.00381 -0.0894
-0.0038 -0.0898
-0.00379 -0.0896
-0.00378 -0.0898
-0.00377 -0.0894
-0.00376 -0.0898
-0.00375 -0.0894
-0.00374 -0.0892
-0.00373 -0.0896
-0.00372 -0.0892
-0.00371 -0.0892
-0.0037 -0.0894
-0.00369 -0.0896
-0.00368 -0.0892
-0.00367 -0.0896
-0.00366 -0.0894
-0.00365 -0.089
-0.00364 -0.0894
-0.00363 -0.089
-0.00362 -0.089
-0.00361 -0.0888
-0.0036 -0.0892
-0.00359 -0.089
-0.00358 -0.0886
-0.00357 -0.0892
-0.00356 -0.0888
-0.00355 -0.089
-0.00354 -0.089
-0.00353 -0.089
-0.00352 -0.0888
-0.00351 -0.089
-0.0035 -0.089
-0.00349 -0.0886
-0.00348 -0.089
-0.00347 -0.0888
-0.00346 -0.0886
-0.00345 -0.0888
-0.00344 -0.0886
-0.00343 -0.0888
-0.00342 -0.0888
-0.00341 -0.0892
-0.0034 -0.0888
-0.00339 -0.0888
-0.00338 -0.089
-0.00337 -0.0892
-0.00336 -0.0888
-0.00335 -0.0892
-0.00334 -0.089
-0.00333 -0.0888
-0.00332 -0.0894
-0.00331 -0.0894
-0.0033 -0.0894
-0.00329 -0.0896
-0.00328 -0.0896
-0.00327 -0.0898
-0.00326 -0.0896
-0.00325 -0.0896
-0.00324 -0.0896
-0.00323 -0.0894
-0.00322 -0.0896
-0.00321 -0.0894
-0.0032 -0.0894
-0.00319 -0.0892
-0.00318 -0.0892
-0.00317 -0.089
-0.00316 -0.0894
-0.00315 -0.089
-0.00314 -0.0888
-0.00313 -0.089
-0.00312 -0.0886
-0.00311 -0.0886
-0.0031 -0.089
-0.00309 -0.0888
-0.00308 -0.0886
-0.00307 -0.0888
-0.00306 -0.0888
-0.00305 -0.0888
-0.00304 -0.0886
-0.00303 -0.0888
-0.00302 -0.0888
-0.00301 -0.089
-0.003 -0.0892
-0.00299 -0.0892
-0.00298 -0.089
-0.00297 -0.0894
-0.00296 -0.0894
-0.00295 -0.0892
-0.00294 -0.0894
-0.00293 -0.0896
-0.00292 -0.0892
-0.00291 -0.0896
-0.0029 -0.0896
-0.00289 -0.0898
-0.00288 -0.0898
-0.00287 -0.09
-0.00286 -0.09
-0.00285 -0.09
-0.00284 -0.0902
-0.00283 -0.0902
-0.00282 -0.09
-0.00281 -0.0904
-0.0028 -0.0902
-0.00279 -0.0902
-0.00278 -0.0906
-0.00277 -0.0904
-0.00276 -0.0906
-0.00275 -0.091
-0.00274 -0.0908
-0.00273 -0.0906
-0.00272 -0.0906
-0.00271 -0.0906
-0.0027 -0.0906
-0.00269 -0.0904
-0.00268 -0.0906
-0.00267 -0.0904
-0.00266 -0.09
-0.00265 -0.0906
-0.00264 -0.09
-0.00263 -0.09
-0.00262 -0.0902
-0.00261 -0.0898
-0.0026 -0.0898
-0.00259 -0.09
-0.00258 -0.0898
-0.00257 -0.0896
-0.00256 -0.09
-0.00255 -0.0898
-0.00254 -0.0898
-0.00253 -0.0898
-0.00252 -0.0898
-0.00251 -0.0898
-0.0025 -0.0896
-0.00249 -0.0898
-0.00248 -0.0898
-0.00247 -0.0898
-0.00246 -0.0902
-0.00245 -0.09
-0.00244 -0.0902
-0.00243 -0.0906
-0.00242 -0.0904
-0.00241 -0.0906
-0.0024 -0.0908
-0.00239 -0.0912
-0.00238 -0.091
-0.00237 -0.0912
-0.00236 -0.091
-0.00235 -0.091
-0.00234 -0.091
-0.00233 -0.0914
-0.00232 -0.091
-0.00231 -0.0906
-0.0023 -0.091
-0.00229 -0.0906
-0.00228 -0.0902
-0.00227 -0.0906
-0.00226 -0.0904
-0.00225 -0.0904
-0.00224 -0.0906
-0.00223 -0.0906
-0.00222 -0.0902
-0.00221 -0.0904
-0.0022 -0.0902
-0.00219 -0.0902
-0.00218 -0.0902
-0.00217 -0.09
-0.00216 -0.09
-0.00215 -0.0898
-0.00214 -0.09
-0.00213 -0.0902
-0.00212 -0.0898
-0.00211 -0.0902
-0.0021 -0.0898
-0.00209 -0.0898
-0.00208 -0.09
-0.00207 -0.09
-0.00206 -0.0898
-0.00205 -0.09
-0.00204 -0.0898
-0.00203 -0.09
-0.00202 -0.0902
-0.00201 -0.0902
-0.002 -0.09
-0.00199 -0.09
-0.00198 -0.0902
-0.00197 -0.0898
-0.00196 -0.09
-0.00195 -0.0904
-0.00194 -0.0902
-0.00193 -0.0902
-0.00192 -0.0904
-0.00191 -0.0902
-0.0019 -0.0902
-0.00189 -0.0904
-0.00188 -0.0904
-0.00187 -0.09
-0.00186 -0.0904
-0.00185 -0.0902
-0.00184 -0.0902
-0.00183 -0.0904
-0.00182 -0.0902
-0.00181 -0.09
-0.0018 -0.09
-0.00179 -0.0904
-0.00178 -0.09
-0.00177 -0.0902
-0.00176 -0.0904
-0.00175 -0.0906
-0.00174 -0.0902
-0.00173 -0.0904
-0.00172 -0.0904
-0.00171 -0.0906
-0.0017 -0.091
-0.00169 -0.0904
-0.00168 -0.0902
-0.00167 -0.0904
-0.00166 -0.09
-0.00165 -0.09
-0.00164 -0.09
-0.00163 -0.09
-0.00162 -0.09
-0.00161 -0.0898
-0.0016 -0.09
-0.00159 -0.0898
-0.00158 -0.0894
-0.00157 -0.0898
-0.00156 -0.0896
-0.00155 -0.0894
-0.00154 -0.0898
-0.00153 -0.0898
-0.00152 -0.0896
-0.00151 -0.0898
-0.0015 -0.0898
-0.00149 -0.0898
-0.00148 -0.09
-0.00147 -0.09
-0.00146 -0.0898
-0.00145 -0.09
-0.00144 -0.0902
-0.00143 -0.09
-0.00142 -0.0902
-0.00141 -0.0904
-0.0014 -0.0906
-0.00139 -0.0902
-0.00138 -0.0906
-0.00137 -0.0904
-0.00136 -0.09
-0.00135 -0.0906
-0.00134 -0.0902
-0.00133 -0.09
-0.00132 -0.0904
-0.00131 -0.0902
-0.0013 -0.0902
-0.00129 -0.0904
-0.00128 -0.09
-0.00127 -0.09
-0.00126 -0.09
-0.00125 -0.09
-0.00124 -0.0898
-0.00123 -0.0898
-0.00122 -0.09
-0.00121 -0.0898
-0.0012 -0.0898
-0.00119 -0.09
-0.00118 -0.0898
-0.00117 -0.0898
-0.00116 -0.0898
-0.00115 -0.09
-0.00114 -0.0898
-0.00113 -0.09
-0.00112 -0.0898
-0.00111 -0.09
-0.0011 -0.0904
-0.00109 -0.09
-0.00108 -0.09
-0.00107 -0.09
-0.00106 -0.0902
-0.00105 -0.0902
-0.00104 -0.0898
-0.00103 -0.0902
-0.00102 -0.09
-0.00101 -0.09
-0.001 -0.0902
-0.00099 -0.0904
-0.00098 -0.09
-0.00097 -0.0906
-0.00096 -0.0902
-0.00095 -0.09
-0.00094 -0.0904
-0.00093 -0.0902
-0.00092 -0.09
-0.00091 -0.0902
-0.0009 -0.0902
-0.00089 -0.09
-0.00088 -0.0898
-0.00087 -0.0902
-0.00086 -0.09
-0.00085 -0.0898
-0.00084 -0.0902
-0.00083 -0.09
-0.00082 -0.0898
-0.00081 -0.09
-0.0008 -0.0898
-0.00079 -0.0898
-0.00078 -0.09
-0.00077 -0.09
-0.00076 -0.09
-0.00075 -0.0898
-0.00074 -0.0898
-0.00073 -0.0894
-0.00072 -0.0898
-0.00071 -0.09
-0.0007 -0.0896
-0.00069 -0.0896
-0.00068 -0.0898
-0.00067 -0.0896
-0.00066 -0.0896
-0.00065 -0.0898
-0.00064 -0.09
-0.00063 -0.0896
-0.00062 -0.09
-0.00061 -0.0896
-0.0006 -0.0896
-0.00059 -0.0898
-0.00058 -0.0896
-0.00057 -0.0898
-0.00056 -0.09
-0.00055 -0.0898
-0.00054 -0.0896
-0.00053 -0.0898
-0.00052 -0.0896
-0.00051 -0.0898
-0.0005 -0.0894
-0.00049 -0.0902
-0.00048 -0.09
-0.00047 -0.0896
-0.00046 -0.0902
-0.00045 -0.09
-0.00044 -0.0898
-0.00043 -0.09
-0.00042 -0.09
-0.00041 -0.0896
-0.0004 -0.0898
-0.00039 -0.0898
-0.00038 -0.0898
-0.00037 -0.0898
-0.00036 -0.0898
-0.00035 -0.0898
-0.00034 -0.0896
-0.00033 -0.09
-0.00032 -0.0896
-0.00031 -0.0894
-0.0003 -0.09
-0.00029 -0.0898
-0.00028 -0.0896
-0.00027 -0.0898
-0.00026 -0.0898
-0.00025 -0.0896
-0.00024 -0.09
-0.00023 -0.0898
-0.00022 -0.0894
-0.00021 -0.0898
-0.0002 -0.0898
-0.00019 -0.0896
-0.00018 -0.0894
-0.00017 -0.0896
-0.00016 -0.0896
-0.00015 -0.0896
-0.00014 -0.0896
-0.00013 -0.0896
-0.00012 -0.0894
-0.00011 -0.0896
-0.0001 -0.0896
-9e-05 -0.0894
-8e-05 -0.0896
-7e-05 -0.0894
-6e-05 -0.0894
-5e-05 -0.0898
-4e-05 -0.0896
-3e-05 -0.0896
-2e-05 -0.0898
-1e-05 -0.0932
0 -0.1196
1e-05 -0.1146
2e-05 -0.111
3e-05 -0.1076
4e-05 -0.1046
5e-05 -0.1024
6e-05 -0.1004
7e-05 -0.0988
8e-05 -0.099
9e-05 -0.0976
0.0001 -0.0964
0.00011 -0.0954
0.00012 -0.0944
0.00013 -0.0934
0.00014 -0.0928
0.00015 -0.0924
0.00016 -0.0918
0.00017 -0.0912
0.00018 -0.0908
0.00019 -0.0904
0.0002 -0.0902
0.00021 -0.0902
0.00022 -0.09
0.00023 -0.0898
0.00024 -0.0902
0.00025 -0.09
0.00026 -0.0894
0.00027 -0.0898
0.00028 -0.0894
0.00029 -0.0888
0.0003 -0.0892
0.00031 -0.0894
0.00032 -0.0892
0.00033 -0.0896
0.00034 -0.0894
0.00035 -0.09
0.00036 -0.0904
0.00037 -0.0904
0.00038 -0.0904
0.00039 -0.0898
0.0004 -0.0898
0.00041 -0.0894
0.00042 -0.0892
0.00043 -0.0894
0.00044 -0.0888
0.00045 -0.089
0.00046 -0.0892
0.00047 -0.0892
0.00048 -0.0892
0.00049 -0.0894
0.0005 -0.0892
0.00051 -0.0888
0.00052 -0.089
0.00053 -0.089
0.00054 -0.0888
0.00055 -0.0888
0.00056 -0.089
0.00057 -0.0888
0.00058 -0.0888
0.00059 -0.089
0.0006 -0.089
0.00061 -0.0888
0.00062 -0.0888
0.00063 -0.0892
0.00064 -0.0888
0.00065 -0.0892
0.00066 -0.0892
0.00067 -0.0888
0.00068 -0.0892
0.00069 -0.0894
0.0007 -0.0888
0.00071 -0.089
0.00072 -0.0888
0.00073 -0.0888
0.00074 -0.0888
0.00075 -0.0894
0.00076 -0.089
0.00077 -0.0892
0.00078 -0.0892
0.00079 -0.0894
0.0008 -0.0888
0.00081 -0.089
0.00082 -0.0886
0.00083 -0.0886
0.00084 -0.089
0.00085 -0.0894
0.00086 -0.0934
0.00087 -0.0948
0.00088 -0.0946
0.00089 -0.0938
0.0009 -0.0932
0.00091 -0.0928
0.00092 -0.0918
0.00093 -0.0912
0.00094 -0.091
0.00095 -0.0906
0.00096 -0.0902
0.00097 -0.0902
0.00098 -0.09
0.00099 -0.0896
0.001 -0.0896
0.00101 -0.0892
0.00102 -0.089
0.00103 -0.089
0.00104 -0.089
0.00105 -0.0888
0.00106 -0.0888
0.00107 -0.0886
0.00108 -0.0886
0.00109 -0.0886
0.0011 -0.0886
0.00111 -0.0886
0.00112 -0.0886
0.00113 -0.0886
0.00114 -0.0888
0.00115 -0.0888
0.00116 -0.0892
0.00117 -0.0886
0.00118 -0.0886
0.00119 -0.0886
0.0012 -0.0886
0.00121 -0.0882
0.00122 -0.0884
0.00123 -0.0886
0.00124 -0.0882
0.00125 -0.0884
0.00126 -0.0882
0.00127 -0.0882
0.00128 -0.0882
0.00129 -0.0884
0.0013 -0.0878
0.00131 -0.088
0.00132 -0.0886
0.00133 -0.0882
0.00134 -0.0882
0.00135 -0.0886
0.00136 -0.0882
0.00137 -0.088
0.00138 -0.0884
0.00139 -0.0884
0.0014 -0.0882
0.00141 -0.0888
0.00142 -0.0886
0.00143 -0.0886
0.00144 -0.0888
0.00145 -0.0886
0.00146 -0.0884
0.00147 -0.0882
0.00148 -0.0884
0.00149 -0.088
0.0015 -0.088
0.00151 -0.088
0.00152 -0.088
0.00153 -0.088
0.00154 -0.0882
0.00155 -0.088
0.00156 -0.088
0.00157 -0.0884
0.00158 -0.0882
0.00159 -0.088
0.0016 -0.0882
0.00161 -0.088
0.00162 -0.0882
0.00163 -0.0878
0.00164 -0.0884
0.00165 -0.088
0.00166 -0.0878
0.00167 -0.0882
0.00168 -0.0882
0.00169 -0.088
0.0017 -0.0882
0.00171 -0.0882
0.00172 -0.088
0.00173 -0.0884
0.00174 -0.088
0.00175 -0.088
0.00176 -0.088
0.00177 -0.088
0.00178 -0.088
0.00179 -0.088
0.0018 -0.0882
0.00181 -0.088
0.00182 -0.088
0.00183 -0.0882
0.00184 -0.0884
0.00185 -0.0884
0.00186 -0.0884
0.00187 -0.0882
0.00188 -0.0878
0.00189 -0.0884
0.0019 -0.0882
0.00191 -0.0878
0.00192 -0.088
0.00193 -0.0882
0.00194 -0.0878
0.00195 -0.0882
0.00196 -0.0882
0.00197 -0.088
0.00198 -0.0882
0.00199 -0.088
0.002 -0.0882
0.00201 -0.088
0.00202 -0.0884
0.00203 -0.0882
0.00204 -0.0878
0.00205 -0.0884
0.00206 -0.0884
0.00207 -0.0884
0.00208 -0.0884
0.00209 -0.0884
0.0021 -0.088
0.00211 -0.0882
0.00212 -0.0884
0.00213 -0.088
0.00214 -0.088
0.00215 -0.088
0.00216 -0.0878
0.00217 -0.0876
0.00218 -0.0876
0.00219 -0.0878
0.0022 -0.0876
0.00221 -0.0882
0.00222 -0.0878
0.00223 -0.0882
0.00224 -0.0882
0.00225 -0.0882
0.00226 -0.088
0.00227 -0.088
0.00228 -0.0878
0.00229 -0.0874
0.0023 -0.0876
0.00231 -0.0872
0.00232 -0.0874
0.00233 -0.0876
0.00234 -0.0876
0.00235 -0.0876
0.00236 -0.0876
0.00237 -0.088
0.00238 -0.088
0.00239 -0.0874
0.0024 -0.0878
0.00241 -0.0878
0.00242 -0.0874
0.00243 -0.0876
0.00244 -0.0874
0.00245 -0.0874
0.00246 -0.0876
0.00247 -0.0878
0.00248 -0.0876
0.00249 -0.088
0.0025 -0.0878
0.00251 -0.0878
0.00252 -0.0878
0.00253 -0.0882
0.00254 -0.0878
0.00255 -0.0876
0.00256 -0.0878
0.00257 -0.088
0.00258 -0.088
0.00259 -0.088
0.0026 -0.0884
0.00261 -0.088
0.00262 -0.0884
0.00263 -0.0882
0.00264 -0.0878
0.00265 -0.0886
0.00266 -0.088
0.00267 -0.088
0.00268 -0.0882
0.00269 -0.0882
0.0027 -0.0876
0.00271 -0.0878
0.00272 -0.0878
0.00273 -0.088
0.00274 -0.0876
0.00275 -0.0878
0.00276 -0.0878
0.00277 -0.0876
0.00278 -0.088
0.00279 -0.0876
0.0028 -0.0874
0.00281 -0.0882
0.00282 -0.0876
0.00283 -0.0876
0.00284 -0.0876
0.00285 -0.088
0.00286 -0.0878
0.00287 -0.0878
0.00288 -0.088
0.00289 -0.0878
0.0029 -0.0876
0.00291 -0.0878
0.00292 -0.0876
0.00293 -0.0874
0.00294 -0.0878
0.00295 -0.0876
0.00296 -0.0876
0.00297 -0.088
0.00298 -0.0874
0.00299 -0.0876
0.003 -0.0878
0.00301 -0.0876
0.00302 -0.0874
0.00303 -0.0876
0.00304 -0.0876
0.00305 -0.0874
0.00306 -0.0874
0.00307 -0.0876
0.00308 -0.0876
0.00309 -0.0876
0.0031 -0.0876
0.00311 -0.0876
0.00312 -0.0874
0.00313 -0.088
0.00314 -0.0876
0.00315 -0.0876
0.00316 -0.0878
0.00317 -0.088
0.00318 -0.0876
0.00319 -0.088
0.0032 -0.0878
0.00321 -0.0874
0.00322 -0.0878
0.00323 -0.0878
0.00324 -0.0876
0.00325 -0.0878
0.00326 -0.0878
0.00327 -0.0878
0.00328 -0.0874
0.00329 -0.0878
0.0033 -0.0874
0.00331 -0.0874
0.00332 -0.0876
0.00333 -0.0874
0.00334 -0.0872
0.00335 -0.0874
0.00336 -0.0876
0.00337 -0.0878
0.00338 -0.0882
0.00339 -0.0878
0.0034 -0.0878
0.00341 -0.0878
0.00342 -0.0878
0.00343 -0.0874
0.00344 -0.0872
0.00345 -0.0878
0.00346 -0.0874
0.00347 -0.0872
0.00348 -0.0874
0.00349 -0.0876
0.0035 -0.0876
0.00351 -0.0878
0.00352 -0.0878
0.00353 -0.0876
0.00354 -0.088
0.00355 -0.0876
0.00356 -0.0876
0.00357 -0.0878
0.00358 -0.0878
0.00359 -0.0874
0.0036 -0.0876
0.00361 -0.0878
0.00362 -0.0874
0.00363 -0.0874
0.00364 -0.0878
0.00365 -0.0876
0.00366 -0.0876
0.00367 -0.088
0.00368 -0.0878
0.00369 -0.0876
0.0037 -0.088
0.00371 -0.088
0.00372 -0.0878
0.00373 -0.0882
0.00374 -0.088
0.00375 -0.088
0.00376 -0.088
0.00377 -0.088
0.00378 -0.0878
0.00379 -0.0878
0.0038 -0.088
0.00381 -0.0878
0.00382 -0.0876
0.00383 -0.0878
0.00384 -0.0876
0.00385 -0.0876
0.00386 -0.088
0.00387 -0.088
0.00388 -0.0876
0.00389 -0.0876
0.0039 -0.0878
0.00391 -0.0874
0.00392 -0.0878
0.00393 -0.0878
0.00394 -0.0872
0.00395 -0.0874
0.00396 -0.0874
0.00397 -0.0878
0.00398 -0.0878
0.00399 -0.088
0.004 -0.0878
0.00401 -0.0874
0.00402 -0.088
0.00403 -0.0876
0.00404 -0.0876
0.00405 -0.0878
0.00406 -0.0874
0.00407 -0.0874
0.00408 -0.0878
0.00409 -0.0876
0.0041 -0.0874
0.00411 -0.088
0.00412 -0.088
0.00413 -0.0882
0.00414 -0.088
0.00415 -0.088
0.00416 -0.0878
0.00417 -0.0876
0.00418 -0.0878
0.00419 -0.0874
0.0042 -0.0874
0.00421 -0.0878
0.00422 -0.0874
0.00423 -0.0876
0.00424 -0.0876
0.00425 -0.0878
0.00426 -0.0876
0.00427 -0.0878
0.00428 -0.0876
0.00429 -0.0878
0.0043 -0.0878
0.00431 -0.0874
0.00432 -0.0872
0.00433 -0.0872
0.00434 -0.0874
0.00435 -0.0872
0.00436 -0.087
0.00437 -0.0876
0.00438 -0.0874
0.00439 -0.0874
0.0044 -0.0876
0.00441 -0.0876
0.00442 -0.0874
0.00443 -0.088
0.00444 -0.0878
0.00445 -0.0876
0.00446 -0.0878
0.00447 -0.0876
0.00448 -0.0874
0.00449 -0.0876
0.0045 -0.0878
0.00451 -0.0878
0.00452 -0.0876
0.00453 -0.0878
0.00454 -0.0872
0.00455 -0.0872
0.00456 -0.0874
0.00457 -0.0872
0.00458 -0.087
0.00459 -0.0878
0.0046 -0.0878
0.00461 -0.0876
0.00462 -0.0878
0.00463 -0.0876
0.00464 -0.0874
0.00465 -0.0878
0.00466 -0.0876
0.00467 -0.0874
0.00468 -0.0874
0.00469 -0.0878
0.0047 -0.0874
0.00471 -0.0872
0.00472 -0.0876
0.00473 -0.0876
0.00474 -0.0872
0.00475 -0.0876
0.00476 -0.0876
0.00477 -0.0874
0.00478 -0.0882
0.00479 -0.088
0.0048 -0.0878
0.00481 -0.088
0.00482 -0.088
0.00483 -0.0874
0.00484 -0.0876
0.00485 -0.0878
0.00486 -0.0876
0.00487 -0.0876
0.00488 -0.0878
0.00489 -0.0876
0.0049 -0.0874
0.00491 -0.0878
0.00492 -0.0878
0.00493 -0.0876
0.00494 -0.0878
0.00495 -0.0876
0.00496 -0.0874
0.00497 -0.0878
0.00498 -0.0876
0.00499 -0.0872
0.005 -0.0874
0.00501 -0.0876
0.00502 -0.0874
0.00503 -0.0876
0.00504 -0.0876
0.00505 -0.0872
0.00506 -0.087
0.00507 -0.0872
0.00508 -0.0872
0.00509 -0.0868
0.0051 -0.0874
0.00511 -0.0872
0.00512 -0.0872
0.00513 -0.0878
0.00514 -0.088
0.00515 -0.0878
0.00516 -0.088
0.00517 -0.0878
0.00518 -0.0878
0.00519 -0.0882
0.0052 -0.088
0.00521 -0.0876
0.00522 -0.0874
0.00523 -0.0878
0.00524 -0.0874
0.00525 -0.0878
0.00526 -0.0884
0.00527 -0.0882
0.00528 -0.088
0.00529 -0.088
0.0053 -0.088
0.00531 -0.088
0.00532 -0.0882
0.00533 -0.088
0.00534 -0.0876
0.00535 -0.0878
0.00536 -0.0876
0.00537 -0.0878
0.00538 -0.0884
0.00539 -0.0882
0.0054 -0.0878
0.00541 -0.088
0.00542 -0.0888
0.00543 -0.0884
0.00544 -0.088
0.00545 -0.0886
0.00546 -0.0884
0.00547 -0.0882
0.00548 -0.0882
0.00549 -0.088
0.0055 -0.0878
0.00551 -0.0882
0.00552 -0.088
0.00553 -0.0878
0.00554 -0.0882
0.00555 -0.088
0.00556 -0.088
0.00557 -0.0882
0.00558 -0.088
0.00559 -0.0878
0.0056 -0.0878
0.00561 -0.088
0.00562 -0.0878
0.00563 -0.088
0.00564 -0.088
0.00565 -0.0878
0.00566 -0.0878
0.00567 -0.088
0.00568 -0.0878
0.00569 -0.0878
0.0057 -0.0884
0.00571 -0.0882
0.00572 -0.088
0.00573 -0.0882
0.00574 -0.088
0.00575 -0.088
0.00576 -0.0882
0.00577 -0.0882
0.00578 -0.0882
0.00579 -0.0878
0.0058 -0.0884
0.00581 -0.088
0.00582 -0.088
0.00583 -0.088
0.00584 -0.088
0.00585 -0.0878
0.00586 -0.0882
0.00587 -0.0882
0.00588 -0.088
0.00589 -0.0884
0.0059 -0.0882
0.00591 -0.0878
0.00592 -0.0882
0.00593 -0.0888
0.00594 -0.0882
0.00595 -0.0886
0.00596 -0.0888
0.00597 -0.0886
0.00598 -0.0886
0.00599 -0.0888
0.006 -0.0882
0.00601 -0.0882
0.00602 -0.0884
0.00603 -0.0882
0.00604 -0.0882
0.00605 -0.0886
0.00606 -0.0886
0.00607 -0.0884
0.00608 -0.0884
0.00609 -0.0884
0.0061 -0.0882
0.00611 -0.0884
0.00612 -0.0882
0.00613 -0.0882
0.00614 -0.088
0.00615 -0.0882
0.00616 -0.088
0.00617 -0.0884
0.00618 -0.0884
0.00619 -0.0884
0.0062 -0.0884
0.00621 -0.0888
0.00622 -0.089
0.00623 -0.0886
0.00624 -0.0886
0.00625 -0.0884
0.00626 -0.0884
0.00627 -0.0884
0.00628 -0.088
0.00629 -0.0882
0.0063 -0.0886
0.00631 -0.0888
0.00632 -0.0886
0.00633 -0.0886
0.00634 -0.0888
0.00635 -0.089
0.00636 -0.0886
0.00637 -0.089
0.00638 -0.0888
0.00639 -0.0888
0.0064 -0.0892
0.00641 -0.0886
0.00642 -0.0886
0.00643 -0.0888
0.00644 -0.0892
0.00645 -0.0888
0.00646 -0.089
0.00647 -0.0892
0.00648 -0.0888
0.00649 -0.0888
0.0065 -0.0888
0.00651 -0.0886
0.00652 -0.0886
0.00653 -0.0892
0.00654 -0.0886
0.00655 -0.0882
0.00656 -0.0888
0.00657 -0.0884
0.00658 -0.0884
0.00659 -0.0886
0.0066 -0.0884
0.00661 -0.0882
0.00662 -0.0884
0.00663 -0.0884
0.00664 -0.0882
0.00665 -0.089
0.00666 -0.0886
0.00667 -0.0886
0.00668 -0.0884
0.00669 -0.0888
0.0067 -0.0884
0.00671 -0.088
0.00672 -0.0882
0.00673 -0.0884
0.00674 -0.0884
0.00675 -0.0884
0.00676 -0.088
0.00677 -0.088
0.00678 -0.0884
0.00679 -0.0886
0.0068 -0.0884
0.00681 -0.0886
0.00682 -0.0884
0.00683 -0.0882
0.00684 -0.0882
0.00685 -0.0886
0.00686 -0.0884
0.00687 -0.088
0.00688 -0.0882
0.00689 -0.088
0.0069 -0.088
0.00691 -0.088
0.00692 -0.0882
0.00693 -0.088
0.00694 -0.0882
0.00695 -0.0882
0.00696 -0.0882
0.00697 -0.0886
0.00698 -0.0886
0.00699 -0.0884
0.007 -0.0886
0.00701 -0.0886
0.00702 -0.0884
0.00703 -0.0884
0.00704 -0.0886
0.00705 -0.0882
0.00706 -0.0882
0.00707 -0.0884
0.00708 -0.0882
0.00709 -0.0884
0.0071 -0.0892
0.00711 -0.0888
0.00712 -0.0884
0.00713 -0.0888
0.00714 -0.0888
0.00715 -0.0888
0.00716 -0.0892
0.00717 -0.0886
0.00718 -0.0886
0.00719 -0.089
0.0072 -0.0886
0.00721 -0.0886
0.00722 -0.0882
0.00723 -0.0884
0.00724 -0.088
0.00725 -0.0882
0.00726 -0.0886
0.00727 -0.0886
0.00728 -0.0886
0.00729 -0.089
0.0073 -0.0888
0.00731 -0.0886
0.00732 -0.0888
0.00733 -0.0886
0.00734 -0.0886
0.00735 -0.0888
0.00736 -0.0888
0.00737 -0.0886
0.00738 -0.0886
0.00739 -0.0886
0.0074 -0.0884
0.00741 -0.088
0.00742 -0.0882
0.00743 -0.088
0.00744 -0.0876
0.00745 -0.0884
0.00746 -0.0882
0.00747 -0.0884
0.00748 -0.0888
0.00749 -0.0888
0.0075 -0.0884
0.00751 -0.0888
0.00752 -0.0886
0.00753 -0.0888
0.00754 -0.0892
0.00755 -0.089
0.00756 -0.0886
0.00757 -0.0888
0.00758 -0.0888
0.00759 -0.0886
0.0076 -0.0884
0.00761 -0.089
0.00762 -0.0886
0.00763 -0.0886
0.00764 -0.089
0.00765 -0.0888
0.00766 -0.0886
0.00767 -0.0888
0.00768 -0.0884
0.00769 -0.088
0.0077 -0.0888
0.00771 -0.0888
0.00772 -0.0884
0.00773 -0.0888
0.00774 -0.0886
0.00775 -0.0882
0.00776 -0.0882
0.00777 -0.0886
0.00778 -0.0882
0.00779 -0.0882
0.0078 -0.0888
0.00781 -0.0886
0.00782 -0.0886
0.00783 -0.0886
0.00784 -0.0882
0.00785 -0.0876
0.00786 -0.0882
0.00787 -0.0886
0.00788 -0.088
0.00789 -0.0884
0.0079 -0.0882
0.00791 -0.0886
0.00792 -0.0886
0.00793 -0.0894
0.00794 -0.0898
0.00795 -0.0892
0.00796 -0.0892
0.00797 -0.0888
0.00798 -0.0888
0.00799 -0.0886
0.008 -0.0886
0.00801 -0.0886
0.00802 -0.0892
0.00803 -0.089
0.00804 -0.0884
0.00805 -0.0886
0.00806 -0.0888
0.00807 -0.0886
0.00808 -0.0888
0.00809 -0.0888
0.0081 -0.0892
0.00811 -0.0892
0.00812 -0.089
0.00813 -0.0888
0.00814 -0.0884
0.00815 -0.0888
0.00816 -0.0886
0.00817 -0.0892
0.00818 -0.0898
0.00819 -0.0894
0.0082 -0.0896
0.00821 -0.0902
0.00822 -0.0896
0.00823 -0.0896
0.00824 -0.09
0.00825 -0.0896
0.00826 -0.0892
0.00827 -0.0894
0.00828 -0.0896
0.00829 -0.0896
0.0083 -0.09
0.00831 -0.0916
0.00832 -0.0912
0.00833 -0.0906
0.00834 -0.0914
0.00835 -0.0908
0.00836 -0.09
0.00837 -0.0898
0.00838 -0.0894
0.00839 -0.0898
0.0084 -0.0902
0.00841 -0.0906
0.00842 -0.091
0.00843 -0.0914
0.00844 -0.091
0.00845 -0.0906
0.00846 -0.0904
0.00847 -0.0906
0.00848 -0.091
0.00849 -0.0912
0.0085 -0.0912
0.00851 -0.0906
0.00852 -0.0908
0.00853 -0.0914
0.00854 -0.0916
0.00855 -0.091
0.00856 -0.0918
0.00857 -0.0916
0.00858 -0.0914
0.00859 -0.0916
0.0086 -0.0916
0.00861 -0.092
0.00862 -0.0942
0.00863 -0.0942
0.00864 -0.0956
0.00865 -0.0974
0.00866 -0.0974
0.00867 -0.0964
0.00868 -0.0966
0.00869 -0.0968
0.0087 -0.0956
0.00871 -0.0946
0.00872 -0.094
0.00873 -0.0932
0.00874 -0.092
0.00875 -0.0928
0.00876 -0.092
0.00877 -0.0916
0.00878 -0.0912
0.00879 -0.0908
0.0088 -0.091
0.00881 -0.091
0.00882 -0.091
0.00883 -0.0904
0.00884 -0.0898
0.00885 -0.0898
0.00886 -0.0892
0.00887 -0.089
0.00888 -0.089
0.00889 -0.09
0.0089 -0.09
0.00891 -0.0902
0.00892 -0.09
0.00893 -0.0896
0.00894 -0.0896
0.00895 -0.0898
0.00896 -0.09
0.00897 -0.0906
0.00898 -0.0904
0.00899 -0.0896
0.009 -0.0898
0.00901 -0.0898
0.00902 -0.0892
0.00903 -0.089
0.00904 -0.089
0.00905 -0.0894
0.00906 -0.0898
0.00907 -0.0938
0.00908 -0.1002
0.00909 -0.1078
0.0091 -0.1086
0.00911 -0.109
0.00912 -0.1076
0.00913 -0.108
0.00914 -0.1076
0.00915 -0.1072
0.00916 -0.1092
0.00917 -0.1126
0.00918 -0.1104
0.00919 -0.1086
0.0092 -0.1064
0.00921 -0.104
0.00922 -0.104
0.00923 -0.1058
0.00924 -0.106
0.00925 -0.1076
0.00926 -0.1104
0.00927 -0.1098
0.00928 -0.1078
0.00929 -0.1064
0.0093 -0.1052
0.00931 -0.1072
0.00932 -0.1114
0.00933 -0.1106
0.00934 -0.1098
0.00935 -0.1082
0.00936 -0.1056
0.00937 -0.1032
0.00938 -0.101
0.00939 -0.0992
0.0094 -0.0982
0.00941 -0.1008
0.00942 -0.1008
0.00943 -0.103
0.00944 -0.1028
0.00945 -0.104
0.00946 -0.1072
0.00947 -0.1084
0.00948 -0.1084
0.00949 -0.1078
0.0095 -0.1056
0.00951 -0.1038
0.00952 -0.1036
0.00953 -0.1034
0.00954 -0.104
0.00955 -0.1034
0.00956 -0.1032
0.00957 -0.1028
0.00958 -0.1036
0.00959 -0.1034
0.0096 -0.1026
0.00961 -0.1034
0.00962 -0.1024
0.00963 -0.1002
0.00964 -0.1
0.00965 -0.101
0.00966 -0.0992
0.00967 -0.0988
0.00968 -0.0986
0.00969 -0.0998
0.0097 -0.1006
0.00971 -0.1006
0.00972 -0.0998
0.00973 -0.1004
0.00974 -0.0984
0.00975 -0.0978
0.00976 -0.0976
0.00977 -0.0994
0.00978 -0.101
0.00979 -0.1006
0.0098 -0.0994
0.00981 -0.098
0.00982 -0.0966
0.00983 -0.0968
0.00984 -0.0972
0.00985 -0.0968
0.00986 -0.096
0.00987 -0.0972
0.00988 -0.0992
0.00989 -0.1016
0.0099 -0.1046
0.00991 -0.1102
0.00992 -0.1092
0.00993 -0.1074
0.00994 -0.1114
0.00995 -0.1152
0.00996 -0.122
0.00997 -0.1208
0.00998 -0.1164
0.00999 -0.1136
0.01 -0.112
0.01001 -0.1092
0.01002 -0.1096
0.01003 -0.1094
0.01004 -0.1076
0.01005 -0.1132
0.01006 -0.1194
0.01007 -0.1158
0.01008 -0.1126
0.01009 -0.1148
0.0101 -0.115
0.01011 -0.1114
0.01012 -0.1132
0.01013 -0.1124
0.01014 -0.1112
0.01015 -0.1102
0.01016 -0.1106
0.01017 -0.109
0.01018 -0.108
0.01019 -0.1058
0.0102 -0.1032
0.01021 -0.1026
0.01022 -0.1036
0.01023 -0.1078
0.01024 -0.1106
0.01025 -0.1146
0.01026 -0.1166
0.01027 -0.1166
0.01028 -0.1214
0.01029 -0.1176
0.0103 -0.116
0.01031 -0.1174
0.01032 -0.117
0.01033 -0.1152
0.01034 -0.1148
0.01035 -0.1154
0.01036 -0.1164
0.01037 -0.1168
0.01038 -0.1154
0.01039 -0.113
0.0104 -0.113
0.01041 -0.1128
0.01042 -0.1114
0.01043 -0.11
0.01044 -0.1124
0.01045 -0.114
0.01046 -0.1126
0.01047 -0.1144
0.01048 -0.1214
0.01049 -0.1216
0.0105 -0.1198
0.01051 -0.117
0.01052 -0.1152
0.01053 -0.1154
0.01054 -0.1224
0.01055 -0.1212
0.01056 -0.1184
0.01057 -0.1154
0.01058 -0.1136
0.01059 -0.1138
0.0106 -0.1106
0.01061 -0.113
0.01062 -0.116
0.01063 -0.1134
0.01064 -0.1098
0.01065 -0.1074
0.01066 -0.1052
0.01067 -0.1028
0.01068 -0.101
0.01069 -0.0994
0.0107 -0.1
0.01071 -0.1034
0.01072 -0.1048
0.01073 -0.1074
0.01074 -0.1064
0.01075 -0.107
0.01076 -0.1044
0.01077 -0.104
0.01078 -0.103
0.01079 -0.1022
0.0108 -0.1014
0.01081 -0.1006
0.01082 -0.1008
0.01083 -0.0998
0.01084 -0.0996
0.01085 -0.1002
0.01086 -0.1022
0.01087 -0.1134
0.01088 -0.1202
0.01089 -0.1186
0.0109 -0.1256
0.01091 -0.1254
0.01092 -0.124
0.01093 -0.1246
0.01094 -0.1216
0.01095 -0.1174
0.01096 -0.1132
0.01097 -0.112
0.01098 -0.1092
0.01099 -0.1072
0.011 -0.1058
0.01101 -0.1052
0.01102 -0.1048
0.01103 -0.1042
0.01104 -0.1034
0.01105 -0.102
0.01106 -0.1016
0.01107 -0.1042
0.01108 -0.1034
0.01109 -0.1026
0.0111 -0.1022
0.01111 -0.1012
0.01112 -0.1008
0.01113 -0.1012
0.01114 -0.102
0.01115 -0.1042
0.01116 -0.1038
0.01117 -0.1038
0.01118 -0.1056
0.01119 -0.1116
0.0112 -0.1186
0.01121 -0.128
0.01122 -0.1338
0.01123 -0.1342
0.01124 -0.1276
0.01125 -0.1216
0.01126 -0.1108
0.01127 -0.0986
0.01128 -0.0856
0.01129 -0.0822
0.0113 -0.0912
0.01131 -0.0832
0.01132 -0.0808
0.01133 -0.076
0.01134 -0.0656
0.01135 -0.0636
0.01136 -0.064
0.01137 -0.0612
0.01138 -0.0592
0.01139 -0.056
0.0114 -0.0706
0.01141 -0.0958
0.01142 -0.0902
0.01143 -0.0788
0.01144 -0.071
0.01145 -0.0638
0.01146 -0.0584
0.01147 -0.0564
0.01148 -0.053
0.01149 -0.052
0.0115 -0.0524
0.01151 -0.0526
0.01152 -0.0506
0.01153 -0.049
0.01154 -0.0458
0.01155 -0.0448
0.01156 -0.043
0.01157 -0.0476
0.01158 -0.0548
0.01159 -0.0744
0.0116 -0.0888
0.01161 -0.086
0.01162 -0.083
0.01163 -0.0848
0.01164 -0.0972
0.01165 -0.0956
0.01166 -0.0986
0.01167 -0.0996
0.01168 -0.0944
0.01169 -0.0952
0.0117 -0.0932
0.01171 -0.092
0.01172 -0.09
0.01173 -0.0924
0.01174 -0.1112
0.01175 -0.123
0.01176 -0.1202
0.01177 -0.114
0.01178 -0.1882
0.01179 -0.1728
0.0118 -0.165
0.01181 -0.1632
0.01182 -0.164
0.01183 -0.1624
0.01184 -0.1524
0.01185 -0.1472
0.01186 -0.1506
0.01187 -0.1468
0.01188 -0.1412
0.01189 -0.1376
0.0119 -0.1332
0.01191 -0.1256
0.01192 -0.1202
0.01193 -0.1234
0.01194 -0.125
0.01195 -0.1254
0.01196 -0.121
0.01197 -0.1172
0.01198 -0.1146
0.01199 -0.1196
0.012 -0.1184
0.01201 -0.114
0.01202 -0.1196
0.01203 -0.1194
0.01204 -0.1164
0.01205 -0.116
0.01206 -0.129
0.01207 -0.1306
0.01208 -0.1288
0.01209 -0.133
0.0121 -0.1316
0.01211 -0.1288
0.01212 -0.1258
0.01213 -0.1268
0.01214 -0.1224
0.01215 -0.1284
0.01216 -0.1352
0.01217 -0.132
0.01218 -0.1288
0.01219 -0.1262
0.0122 -0.1246
0.01221 -0.1252
0.01222 -0.121
0.01223 -0.1174
0.01224 -0.1382
0.01225 -0.179
0.01226 -0.1862
0.01227 -0.1762
0.01228 -0.175
0.01229 -0.171
0.0123 -0.1622
0.01231 -0.155
0.01232 -0.1546
0.01233 -0.1752
0.01234 -0.1782
0.01235 -0.1748
0.01236 -0.17
0.01237 -0.163
0.01238 -0.1612
0.01239 -0.1584
0.0124 -0.152
0.01241 -0.1452
0.01242 -0.138
0.01243 -0.1306
0.01244 -0.1266
0.01245 -0.126
0.01246 -0.127
0.01247 -0.1238
0.01248 -0.1192
0.01249 -0.116
0.0125 -0.1136
0.01251 -0.1152
0.01252 -0.1282
0.01253 -0.1516
0.01254 -0.1648
0.01255 -0.1628
0.01256 -0.1536
0.01257 -0.149
0.01258 -0.1474
0.01259 -0.1448
0.0126 -0.1494
0.01261 -0.144
0.01262 -0.1372
0.01263 -0.1322
0.01264 -0.1308
0.01265 -0.129
0.01266 -0.1304
0.01267 -0.144
0.01268 -0.1434
0.01269 -0.138
0.0127 -0.1346
0.01271 -0.1312
0.01272 -0.1286
0.01273 -0.1444
0.01274 -0.1596
0.01275 -0.1608
0.01276 -0.1736
0.01277 -0.1744
0.01278 -0.1688
0.01279 -0.1592
0.0128 -0.1512
0.01281 -0.1464
0.01282 -0.1418
0.01283 -0.137
0.01284 -0.1332
0.01285 -0.1376
0.01286 -0.1396
0.01287 -0.1392
0.01288 -0.1402
0.01289 -0.144
0.0129 -0.1404
0.01291 -0.138
0.01292 -0.1468
0.01293 -0.165
0.01294 -0.1676
0.01295 -0.1612
0.01296 -0.161
0.01297 -0.1628
0.01298 -0.1632
0.01299 -0.157
0.013 -0.1528
0.01301 -0.1496
0.01302 -0.1448
0.01303 -0.1446
0.01304 -0.143
0.01305 -0.1408
0.01306 -0.138
0.01307 -0.135
0.01308 -0.1298
0.01309 -0.1256
0.0131 -0.1266
0.01311 -0.1282
0.01312 -0.1246
0.01313 -0.1304
0.01314 -0.145
0.01315 -0.141
0.01316 -0.1376
0.01317 -0.1536
0.01318 -0.1656
0.01319 -0.1596
0.0132 -0.1518
0.01321 -0.1444
0.01322 -0.1426
0.01323 -0.1444
0.01324 -0.1472
0.01325 -0.1496
0.01326 -0.1488
0.01327 -0.146
0.01328 -0.1464
0.01329 -0.1528
0.0133 -0.1492
0.01331 -0.1448
0.01332 -0.1414
0.01333 -0.1376
0.01334 -0.1352
0.01335 -0.1326
0.01336 -0.1384
0.01337 -0.1404
0.01338 -0.1438
0.01339 -0.1412
0.0134 -0.1388
0.01341 -0.143
0.01342 -0.1446
0.01343 -0.1472
0.01344 -0.1578
0.01345 -0.1594
0.01346 -0.1528
0.01347 -0.1492
0.01348 -0.1504
0.01349 -0.1476
0.0135 -0.1426
0.01351 -0.1378
0.01352 -0.137
0.01353 -0.1384
0.01354 -0.1466
0.01355 -0.1462
0.01356 -0.1406
0.01357 -0.1378
0.01358 -0.138
0.01359 -0.1412
0.0136 -0.1428
0.01361 -0.143
0.01362 -0.1416
0.01363 -0.1376
0.01364 -0.1322
0.01365 -0.1262
0.01366 -0.1226
0.01367 -0.1272
0.01368 -0.1292
0.01369 -0.1286
0.0137 -0.1298
0.01371 -0.132
0.01372 -0.1476
0.01373 -0.156
0.01374 -0.1556
0.01375 -0.1496
0.01376 -0.148
0.01377 -0.1612
0.01378 -0.1716
0.01379 -0.168
0.0138 -0.1652
0.01381 -0.1592
0.01382 -0.1536
0.01383 -0.1486
0.01384 -0.1422
0.01385 -0.135
0.01386 -0.132
0.01387 -0.1376
0.01388 -0.1384
0.01389 -0.1334
0.0139 -0.1282
0.01391 -0.1266
0.01392 -0.129
0.01393 -0.132
0.01394 -0.1306
0.01395 -0.135
0.01396 -0.1338
0.01397 -0.1296
0.01398 -0.1272
0.01399 -0.1254
0.014 -0.1236
0.01401 -0.126
0.01402 -0.127
0.01403 -0.1248
0.01404 -0.129
0.01405 -0.1492
0.01406 -0.1738
0.01407 -0.1798
0.01408 -0.1792
0.01409 -0.1748
0.0141 -0.172
0.01411 -0.1642
0.01412 -0.1542
0.01413 -0.1464
0.01414 -0.1452
0.01415 -0.1458
0.01416 -0.1454
0.01417 -0.1552
0.01418 -0.1626
0.01419 -0.1628
0.0142 -0.1628
0.01421 -0.1688
0.01422 -0.1744
0.01423 -0.179
0.01424 -0.175
0.01425 -0.1694
0.01426 -0.1608
0.01427 -0.1566
0.01428 -0.1586
0.01429 -0.1624
0.0143 -0.1614
0.01431 -0.188
0.01432 -0.232
0.01433 -0.2318
0.01434 -0.2358
0.01435 -0.2348
0.01436 -0.2234
0.01437 -0.2126
0.01438 -0.215
0.01439 -0.2104
0.0144 -0.198
0.01441 -0.1942
0.01442 -0.1926
0.01443 -0.1954
0.01444 -0.197
0.01445 -0.1932
0.01446 -0.197
0.01447 -0.2018
0.01448 -0.2082
0.01449 -0.2026
0.0145 -0.193
0.01451 -0.186
0.01452 -0.1818
0.01453 -0.1756
0.01454 -0.1696
0.01455 -0.163
0.01456 -0.1704
0.01457 -0.1898
0.01458 -0.1936
0.01459 -0.1962
0.0146 -0.1904
0.01461 -0.1776
0.01462 -0.1722
0.01463 -0.1758
0.01464 -0.1874
0.01465 -0.188
0.01466 -0.1878
0.01467 -0.1824
0.01468 -0.1744
0.01469 -0.1696
0.0147 -0.1698
0.01471 -0.1686
0.01472 -0.177
0.01473 -0.1836
0.01474 -0.184
0.01475 -0.1874
0.01476 -0.1862
0.01477 -0.1804
0.01478 -0.1762
0.01479 -0.1774
0.0148 -0.1738
0.01481 -0.166
0.01482 -0.16
0.01483 -0.153
0.01484 -0.148
0.01485 -0.1444
0.01486 -0.1432
0.01487 -0.1456
0.01488 -0.1454
0.01489 -0.143
0.0149 -0.1484
0.01491 -0.1634
0.01492 -0.169
0.01493 -0.1724
0.01494 -0.1704
0.01495 -0.1742
0.01496 -0.1766
0.01497 -0.1742
0.01498 -0.1714
0.01499 -0.1668
0.015 -0.165
0.01501 -0.166
0.01502 -0.1838
0.01503 -0.1974
0.01504 -0.1902
0.01505 -0.179
0.01506 -0.1704
0.01507 -0.1634
0.01508 -0.1632
0.01509 -0.1654
0.0151 -0.1638
0.01511 -0.1576
0.01512 -0.1496
0.01513 -0.146
0.01514 -0.1482
0.01515 -0.1468
0.01516 -0.1452
0.01517 -0.1436
0.01518 -0.1448
0.01519 -0.1504
0.0152 -0.1526
0.01521 -0.166
0.01522 -0.2132
0.01523 -0.2674
0.01524 -0.272
0.01525 -0.254
0.01526 -0.2364
0.01527 -0.222
0.01528 -0.213
0.01529 -0.2072
0.0153 -0.1974
0.01531 -0.1926
0.01532 -0.1882
0.01533 -0.1872
0.01534 -0.1852
0.01535 -0.1958
0.01536 -0.2072
0.01537 -0.2116
0.01538 -0.2094
0.01539 -0.2066
0.0154 -0.2036
0.01541 -0.1958
0.01542 -0.1878
0.01543 -0.1884
0.01544 -0.1904
0.01545 -0.1822
0.01546 -0.1842
0.01547 -0.2008
0.01548 -0.2
0.01549 -0.189
0.0155 -0.1832
0.01551 -0.1794
0.01552 -0.181
0.01553 -0.191
0.01554 -0.1958
0.01555 -0.1956
0.01556 -0.2064
0.01557 -0.226
0.01558 -0.2182
0.01559 -0.2124
0.0156 -0.2172
0.01561 -0.211
0.01562 -0.203
0.01563 -0.2104
0.01564 -0.227
0.01565 -0.2294
0.01566 -0.2176
0.01567 -0.2108
0.01568 -0.212
0.01569 -0.2098
0.0157 -0.2086
0.01571 -0.2088
0.01572 -0.2244
0.01573 -0.2292
0.01574 -0.2196
0.01575 -0.213
0.01576 -0.2042
0.01577 -0.1948
0.01578 -0.2032
0.01579 -0.223
0.0158 -0.2164
0.01581 -0.2038
0.01582 -0.191
0.01583 -0.1798
0.01584 -0.1732
0.01585 -0.167
0.01586 -0.1594
0.01587 -0.152
0.01588 -0.1486
0.01589 -0.1476
0.0159 -0.149
0.01591 -0.1738
0.01592 -0.2288
0.01593 -0.243
0.01594 -0.2306
0.01595 -0.2222
0.01596 -0.2126
0.01597 -0.2082
0.01598 -0.2098
0.01599 -0.2074
0.016 -0.1944
0.01601 -0.1856
0.01602 -0.1768
0.01603 -0.185
0.01604 -0.209
0.01605 -0.2184
0.01606 -0.2128
0.01607 -0.2038
0.01608 -0.1938
0.01609 -0.1838
0.0161 -0.1746
0.01611 -0.1736
0.01612 -0.1726
0.01613 -0.1688
0.01614 -0.1662
0.01615 -0.1634
0.01616 -0.1602
0.01617 -0.1562
0.01618 -0.1566
0.01619 -0.152
0.0162 -0.1532
0.01621 -0.154
0.01622 -0.1572
0.01623 -0.154
0.01624 -0.1524
0.01625 -0.1688
0.01626 -0.173
0.01627 -0.1652
0.01628 -0.1634
0.01629 -0.1696
0.0163 -0.1716
0.01631 -0.1664
0.01632 -0.159
0.01633 -0.1568
0.01634 -0.156
0.01635 -0.1498
0.01636 -0.147
0.01637 -0.144
0.01638 -0.1468
0.01639 -0.1508
0.0164 -0.1486
0.01641 -0.1468
0.01642 -0.1488
0.01643 -0.1534
0.01644 -0.1552
0.01645 -0.1504
0.01646 -0.1466
0.01647 -0.145
0.01648 -0.145
0.01649 -0.156
0.0165 -0.1694
0.01651 -0.1792
0.01652 -0.1758
0.01653 -0.1708
0.01654 -0.1636
0.01655 -0.1582
0.01656 -0.1572
0.01657 -0.1564
0.01658 -0.1508
0.01659 -0.1448
0.0166 -0.1436
0.01661 -0.167
0.01662 -0.1946
0.01663 -0.194
0.01664 -0.1872
0.01665 -0.1838
0.01666 -0.194
0.01667 -0.1906
0.01668 -0.1824
0.01669 -0.175
0.0167 -0.1688
0.01671 -0.166
0.01672 -0.1812
0.01673 -0.1874
0.01674 -0.18
0.01675 -0.176
0.01676 -0.1738
0.01677 -0.1668
0.01678 -0.1592
0.01679 -0.1542
0.0168 -0.1524
0.01681 -0.1512
0.01682 -0.147
0.01683 -0.1434
0.01684 -0.1406
0.01685 -0.142
0.01686 -0.1394
0.01687 -0.139
0.01688 -0.1432
0.01689 -0.158
0.0169 -0.1562
0.01691 -0.1504
0.01692 -0.1484
0.01693 -0.1486
0.01694 -0.1504
0.01695 -0.1474
0.01696 -0.1408
0.01697 -0.1362
0.01698 -0.1332
0.01699 -0.1354
0.017 -0.141
0.01701 -0.1478
0.01702 -0.154
0.01703 -0.1562
0.01704 -0.1554
0.01705 -0.1546
0.01706 -0.148
0.01707 -0.1414
0.01708 -0.1404
0.01709 -0.1436
0.0171 -0.1416
0.01711 -0.1376
0.01712 -0.1324
0.01713 -0.1316
0.01714 -0.1422
0.01715 -0.1532
0.01716 -0.1646
0.01717 -0.171
0.01718 -0.1688
0.01719 -0.17
0.0172 -0.1668
0.01721 -0.1628
0.01722 -0.1608
0.01723 -0.1568
0.01724 -0.152
0.01725 -0.1518
0.01726 -0.164
0.01727 -0.1692
0.01728 -0.1642
0.01729 -0.1604
0.0173 -0.1554
0.01731 -0.1488
0.01732 -0.1436
0.01733 -0.146
0.01734 -0.146
0.01735 -0.1408
0.01736 -0.1406
0.01737 -0.141
0.01738 -0.1436
0.01739 -0.1522
0.0174 -0.1536
0.01741 -0.1472
0.01742 -0.1414
0.01743 -0.139
0.01744 -0.135
0.01745 -0.1314
0.01746 -0.1326
0.01747 -0.1372
0.01748 -0.1462
0.01749 -0.1576
0.0175 -0.1512
0.01751 -0.1446
0.01752 -0.1412
0.01753 -0.1362
0.01754 -0.1324
0.01755 -0.1282
0.01756 -0.1242
0.01757 -0.123
0.01758 -0.123
0.01759 -0.125
0.0176 -0.1352
0.01761 -0.1396
0.01762 -0.138
0.01763 -0.1344
0.01764 -0.1308
0.01765 -0.1302
0.01766 -0.1294
0.01767 -0.1268
0.01768 -0.128
0.01769 -0.136
0.0177 -0.1376
0.01771 -0.1404
0.01772 -0.1388
0.01773 -0.1438
0.01774 -0.1458
0.01775 -0.143
0.01776 -0.1414
0.01777 -0.1434
0.01778 -0.1404
0.01779 -0.1384
0.0178 -0.1384
0.01781 -0.1382
0.01782 -0.1416
0.01783 -0.1466
0.01784 -0.1432
0.01785 -0.1386
0.01786 -0.1366
0.01787 -0.1336
0.01788 -0.1288
0.01789 -0.125
0.0179 -0.1242
0.01791 -0.1208
0.01792 -0.1204
0.01793 -0.1196
0.01794 -0.12
0.01795 -0.1228
0.01796 -0.1264
0.01797 -0.1248
0.01798 -0.1218
0.01799 -0.1182
0.018 -0.1156
0.01801 -0.1152
0.01802 -0.1136
0.01803 -0.122
0.01804 -0.1276
0.01805 -0.1284
0.01806 -0.1284
0.01807 -0.1276
0.01808 -0.1252
0.01809 -0.1236
0.0181 -0.12
0.01811 -0.1166
0.01812 -0.1152
0.01813 -0.1134
0.01814 -0.1104
0.01815 -0.1106
0.01816 -0.11
0.01817 -0.108
0.01818 -0.1074
0.01819 -0.1068
0.0182 -0.1124
0.01821 -0.1246
0.01822 -0.1262
0.01823 -0.1256
0.01824 -0.128
0.01825 -0.1284
0.01826 -0.1302
0.01827 -0.129
0.01828 -0.1322
0.01829 -0.1364
0.0183 -0.132
0.01831 -0.1292
0.01832 -0.1258
0.01833 -0.1242
0.01834 -0.1204
0.01835 -0.1184
0.01836 -0.1152
0.01837 -0.1136
0.01838 -0.1114
0.01839 -0.1088
0.0184 -0.112
0.01841 -0.1166
0.01842 -0.1146
0.01843 -0.1126
0.01844 -0.11
0.01845 -0.1088
0.01846 -0.106
0.01847 -0.1058
0.01848 -0.1104
0.01849 -0.1122
0.0185 -0.1184
0.01851 -0.1324
0.01852 -0.1342
0.01853 -0.1336
0.01854 -0.1322
0.01855 -0.1276
0.01856 -0.1242
0.01857 -0.121
0.01858 -0.1188
0.01859 -0.1152
0.0186 -0.1124
0.01861 -0.1108
0.01862 -0.1118
0.01863 -0.1116
0.01864 -0.1112
0.01865 -0.1118
0.01866 -0.1108
0.01867 -0.1104
0.01868 -0.1108
0.01869 -0.1152
0.0187 -0.1174
0.01871 -0.1222
0.01872 -0.1256
0.01873 -0.1256
0.01874 -0.1276
0.01875 -0.1274
0.01876 -0.1238
0.01877 -0.1192
0.01878 -0.1174
0.01879 -0.114
0.0188 -0.1104
0.01881 -0.1092
0.01882 -0.1082
0.01883 -0.1068
0.01884 -0.108
0.01885 -0.1086
0.01886 -0.1114
0.01887 -0.1126
0.01888 -0.1136
0.01889 -0.1142
0.0189 -0.1148
0.01891 -0.121
0.01892 -0.1332
0.01893 -0.134
0.01894 -0.1284
0.01895 -0.1234
0.01896 -0.121
0.01897 -0.1194
0.01898 -0.1208
0.01899 -0.118
0.019 -0.1162
0.01901 -0.1158
0.01902 -0.1172
0.01903 -0.1146
0.01904 -0.1134
0.01905 -0.1148
0.01906 -0.1144
0.01907 -0.1146
0.01908 -0.1164
0.01909 -0.1152
0.0191 -0.1118
0.01911 -0.109
0.01912 -0.1072
0.01913 -0.1086
0.01914 -0.1104
0.01915 -0.1078
0.01916 -0.106
0.01917 -0.108
0.01918 -0.11
0.01919 -0.1074
0.0192 -0.1056
0.01921 -0.106
0.01922 -0.1102
0.01923 -0.1096
0.01924 -0.108
0.01925 -0.1072
0.01926 -0.105
0.01927 -0.104
0.01928 -0.1038
0.01929 -0.1038
0.0193 -0.1068
0.01931 -0.1094
0.01932 -0.1112
0.01933 -0.1138
0.01934 -0.1146
0.01935 -0.1142
0.01936 -0.1128
0.01937 -0.1118
0.01938 -0.114
0.01939 -0.1206
0.0194 -0.125
0.01941 -0.1334
0.01942 -0.1438
0.01943 -0.1472
0.01944 -0.1436
0.01945 -0.138
0.01946 -0.1308
0.01947 -0.1246
0.01948 -0.1218
0.01949 -0.1178
0.0195 -0.1148
0.01951 -0.1132
0.01952 -0.1118
0.01953 -0.1116
0.01954 -0.1164
0.01955 -0.1216
0.01956 -0.1206
0.01957 -0.117
0.01958 -0.1142
0.01959 -0.1132
0.0196 -0.1132
0.01961 -0.1154
0.01962 -0.1178
0.01963 -0.1214
0.01964 -0.1248
0.01965 -0.126
0.01966 -0.1248
0.01967 -0.1226
0.01968 -0.1194
0.01969 -0.1158
0.0197 -0.1122
0.01971 -0.1094
0.01972 -0.1062
0.01973 -0.104
0.01974 -0.1024
0.01975 -0.101
0.01976 -0.0998
0.01977 -0.1
0.01978 -0.101
0.01979 -0.1036
0.0198 -0.1072
0.01981 -0.1096
0.01982 -0.1092
0.01983 -0.1082
0.01984 -0.1074
0.01985 -0.1062
0.01986 -0.105
0.01987 -0.1038
0.01988 -0.103
0.01989 -0.1032
0.0199 -0.1042
0.01991 -0.1056
0.01992 -0.108
0.01993 -0.1118
0.01994 -0.1134
0.01995 -0.113
0.01996 -0.1124
0.01997 -0.1112
0.01998 -0.1102
0.01999 -0.1094
0.02 -0.1094
0.02001 -0.1102
0.02002 -0.1116
0.02003 -0.1134
0.02004 -0.115
0.02005 -0.1184
0.02006 -0.1226
0.02007 -0.1324
0.02008 -0.143
0.02009 -0.1518
0.0201 -0.1562
0.02011 -0.1568
0.02012 -0.1548
0.02013 -0.1514
0.02014 -0.1468
0.02015 -0.1424
0.02016 -0.1366
0.02017 -0.1312
0.02018 -0.1268
0.02019 -0.1226
0.0202 -0.1188
0.02021 -0.116
0.02022 -0.1132
0.02023 -0.111
0.02024 -0.1088
0.02025 -0.1078
0.02026 -0.107
0.02027 -0.1064
0.02028 -0.107
0.02029 -0.1078
0.0203 -0.1098
0.02031 -0.1122
0.02032 -0.1128
0.02033 -0.1116
0.02034 -0.1098
0.02035 -0.108
0.02036 -0.106
0.02037 -0.1046
0.02038 -0.104
0.02039 -0.1042
0.0204 -0.1062
0.02041 -0.1102
0.02042 -0.1128
0.02043 -0.1144
0.02044 -0.1162
0.02045 -0.1174
0.02046 -0.1184
0.02047 -0.1192
0.02048 -0.1196
0.02049 -0.1198
0.0205 -0.1204
0.02051 -0.1208
0.02052 -0.1204
0.02053 -0.1204
0.02054 -0.1202
0.02055 -0.1202
0.02056 -0.1202
0.02057 -0.1192
0.02058 -0.1176
0.02059 -0.116
0.0206 -0.1154
0.02061 -0.1138
0.02062 -0.112
0.02063 -0.1104
0.02064 -0.1086
0.02065 -0.1076
0.02066 -0.1076
0.02067 -0.1084
0.02068 -0.1092
0.02069 -0.1112
0.0207 -0.1126
0.02071 -0.1142
0.02072 -0.1154
0.02073 -0.1166
0.02074 -0.1176
0.02075 -0.1186
0.02076 -0.1204
0.02077 -0.1214
0.02078 -0.1216
0.02079 -0.1216
0.0208 -0.1212
0.02081 -0.1216
0.02082 -0.1228
0.02083 -0.1232
0.02084 -0.122
0.02085 -0.1194
0.02086 -0.116
0.02087 -0.1128
0.02088 -0.1108
0.02089 -0.1092
0.0209 -0.1074
0.02091 -0.1056
0.02092 -0.1044
0.02093 -0.1032
0.02094 -0.1028
0.02095 -0.104
0.02096 -0.1054
0.02097 -0.1076
0.02098 -0.11
0.02099 -0.1114
0.021 -0.1124
0.02101 -0.1138
0.02102 -0.1148
0.02103 -0.1168
0.02104 -0.1192
0.02105 -0.1222
0.02106 -0.124
0.02107 -0.1288
0.02108 -0.1332
0.02109 -0.1362
0.0211 -0.1376
0.02111 -0.1374
0.02112 -0.1352
0.02113 -0.1326
0.02114 -0.1294
0.02115 -0.1252
0.02116 -0.1232
0.02117 -0.1204
0.02118 -0.118
0.02119 -0.1166
0.0212 -0.116
0.02121 -0.1152
0.02122 -0.1136
0.02123 -0.112
0.02124 -0.1102
0.02125 -0.1102
0.02126 -0.1112
0.02127 -0.1132
0.02128 -0.114
0.02129 -0.1146
0.0213 -0.1148
0.02131 -0.1152
0.02132 -0.1166
0.02133 -0.12
0.02134 -0.1238
0.02135 -0.1276
0.02136 -0.1296
0.02137 -0.1324
0.02138 -0.1348
0.02139 -0.1376
0.0214 -0.1396
0.02141 -0.1416
0.02142 -0.144
0.02143 -0.1464
0.02144 -0.1482
0.02145 -0.1502
0.02146 -0.152
0.02147 -0.153
0.02148 -0.1538
0.02149 -0.1538
0.0215 -0.1522
0.02151 -0.1492
0.02152 -0.1466
0.02153 -0.1426
0.02154 -0.1406
0.02155 -0.1376
0.02156 -0.134
0.02157 -0.131
0.02158 -0.129
0.02159 -0.1268
0.0216 -0.1242
0.02161 -0.122
0.02162 -0.1196
0.02163 -0.117
0.02164 -0.1148
0.02165 -0.1128
0.02166 -0.111
0.02167 -0.1092
0.02168 -0.1084
0.02169 -0.1076
0.0217 -0.1068
0.02171 -0.1056
0.02172 -0.1036
0.02173 -0.1022
0.02174 -0.1016
0.02175 -0.1012
0.02176 -0.1012
0.02177 -0.102
0.02178 -0.102
0.02179 -0.1024
0.0218 -0.103
0.02181 -0.1036
0.02182 -0.1046
0.02183 -0.1052
0.02184 -0.1056
0.02185 -0.1054
0.02186 -0.1048
0.02187 -0.1046
0.02188 -0.1038
0.02189 -0.1034
0.0219 -0.1036
0.02191 -0.1042
0.02192 -0.105
0.02193 -0.1066
0.02194 -0.108
0.02195 -0.1092
0.02196 -0.111
0.02197 -0.1116
0.02198 -0.1122
0.02199 -0.1132
0.022 -0.1142
0.02201 -0.115
0.02202 -0.1154
0.02203 -0.116
0.02204 -0.1156
0.02205 -0.115
0.02206 -0.1148
0.02207 -0.114
0.02208 -0.1132
0.02209 -0.1132
0.0221 -0.1122
0.02211 -0.111
0.02212 -0.1102
0.02213 -0.1088
0.02214 -0.1076
0.02215 -0.1066
0.02216 -0.1054
0.02217 -0.104
0.02218 -0.1028
0.02219 -0.1022
0.0222 -0.101
0.02221 -0.0998
0.02222 -0.099
0.02223 -0.0976
0.02224 -0.0968
0.02225 -0.0962
0.02226 -0.0962
0.02227 -0.0962
0.02228 -0.097
0.02229 -0.0982
0.0223 -0.1006
0.02231 -0.1036
0.02232 -0.1058
0.02233 -0.1066
0.02234 -0.1062
0.02235 -0.105
0.02236 -0.1034
0.02237 -0.1028
0.02238 -0.1032
0.02239 -0.104
0.0224 -0.1054
0.02241 -0.108
0.02242 -0.1102
0.02243 -0.1118
0.02244 -0.113
0.02245 -0.1134
0.02246 -0.1126
0.02247 -0.112
0.02248 -0.1102
0.02249 -0.1082
0.0225 -0.1066
0.02251 -0.1052
0.02252 -0.1038
0.02253 -0.1028
0.02254 -0.102
0.02255 -0.1008
0.02256 -0.0992
0.02257 -0.0986
0.02258 -0.098
0.02259 -0.0974
0.0226 -0.0978
0.02261 -0.0976
0.02262 -0.0972
0.02263 -0.0974
0.02264 -0.0968
0.02265 -0.0964
0.02266 -0.0966
0.02267 -0.0966
0.02268 -0.0962
0.02269 -0.0964
0.0227 -0.0964
0.02271 -0.0956
0.02272 -0.0956
0.02273 -0.0952
0.02274 -0.0948
0.02275 -0.095
0.02276 -0.095
0.02277 -0.0948
0.02278 -0.0946
0.02279 -0.095
0.0228 -0.095
0.02281 -0.0956
0.02282 -0.096
0.02283 -0.0968
0.02284 -0.0972
0.02285 -0.0982
0.02286 -0.0986
0.02287 -0.0986
0.02288 -0.0982
0.02289 -0.0972
0.0229 -0.0964
0.02291 -0.0956
0.02292 -0.096
0.02293 -0.0966
0.02294 -0.0974
0.02295 -0.0982
0.02296 -0.0984
0.02297 -0.099
0.02298 -0.0996
0.02299 -0.1002
0.023 -0.101
0.02301 -0.1024
0.02302 -0.1046
0.02303 -0.1072
0.02304 -0.1092
0.02305 -0.1134
0.02306 -0.1174
0.02307 -0.1206
0.02308 -0.1228
0.02309 -0.1236
0.0231 -0.1232
0.02311 -0.1218
0.02312 -0.1196
0.02313 -0.117
0.02314 -0.115
0.02315 -0.1126
0.02316 -0.1124
0.02317 -0.1114
0.02318 -0.1102
0.02319 -0.1098
0.0232 -0.1106
0.02321 -0.1114
0.02322 -0.113
0.02323 -0.1158
0.02324 -0.1178
0.02325 -0.12
0.02326 -0.1222
0.02327 -0.1232
0.02328 -0.1264
0.02329 -0.1308
0.0233 -0.136
0.02331 -0.1416
0.02332 -0.147
0.02333 -0.1528
0.02334 -0.1582
0.02335 -0.1632
0.02336 -0.168
0.02337 -0.1716
0.02338 -0.1744
0.02339 -0.176
0.0234 -0.1782
0.02341 -0.1808
0.02342 -0.184
0.02343 -0.1878
0.02344 -0.192
0.02345 -0.1968
0.02346 -0.2022
0.02347 -0.206
0.02348 -0.2088
0.02349 -0.2106
0.0235 -0.2102
0.02351 -0.2078
0.02352 -0.2038
0.02353 -0.1972
0.02354 -0.1894
0.02355 -0.1822
0.02356 -0.1748
0.02357 -0.1658
0.02358 -0.1576
0.02359 -0.1498
0.0236 -0.1428
0.02361 -0.137
0.02362 -0.132
0.02363 -0.1272
0.02364 -0.123
0.02365 -0.1198
0.02366 -0.1168
0.02367 -0.114
0.02368 -0.1122
0.02369 -0.11
0.0237 -0.1084
0.02371 -0.1076
0.02372 -0.1064
0.02373 -0.106
0.02374 -0.1062
0.02375 -0.1064
0.02376 -0.1072
0.02377 -0.1086
0.02378 -0.1096
0.02379 -0.1104
0.0238 -0.111
0.02381 -0.1106
0.02382 -0.1096
0.02383 -0.1082
0.02384 -0.107
0.02385 -0.1056
0.02386 -0.1044
0.02387 -0.1044
0.02388 -0.104
0.02389 -0.1046
0.0239 -0.1058
0.02391 -0.1068
0.02392 -0.1076
0.02393 -0.1088
0.02394 -0.1088
0.02395 -0.1082
0.02396 -0.1084
0.02397 -0.1088
0.02398 -0.1098
0.02399 -0.112
0.024 -0.1152
0.02401 -0.1188
0.02402 -0.121
0.02403 -0.126
0.02404 -0.1306
0.02405 -0.1352
0.02406 -0.1396
0.02407 -0.143
0.02408 -0.1452
0.02409 -0.1472
0.0241 -0.1476
0.02411 -0.1474
0.02412 -0.1468
0.02413 -0.1454
0.02414 -0.144
0.02415 -0.1422
0.02416 -0.1404
0.02417 -0.1384
0.02418 -0.1366
0.02419 -0.1358
0.0242 -0.1362
0.02421 -0.1354
0.02422 -0.1356
0.02423 -0.1362
0.02424 -0.137
0.02425 -0.1388
0.02426 -0.1402
0.02427 -0.1412
0.02428 -0.1422
0.02429 -0.1422
0.0243 -0.1414
0.02431 -0.14
0.02432 -0.1376
0.02433 -0.1342
0.02434 -0.1308
0.02435 -0.1274
0.02436 -0.1236
0.02437 -0.1208
0.02438 -0.1186
0.02439 -0.1162
0.0244 -0.1146
0.02441 -0.1136
0.02442 -0.1126
0.02443 -0.1116
0.02444 -0.1112
0.02445 -0.1104
0.02446 -0.1094
0.02447 -0.1088
0.02448 -0.108
0.02449 -0.1072
0.0245 -0.1072
0.02451 -0.1074
0.02452 -0.1076
0.02453 -0.109
0.02454 -0.111
0.02455 -0.1134
0.02456 -0.116
0.02457 -0.1192
0.02458 -0.123
0.02459 -0.1256
0.0246 -0.1312
0.02461 -0.1372
0.02462 -0.1444
0.02463 -0.1532
0.02464 -0.1628
0.02465 -0.1728
0.02466 -0.1816
0.02467 -0.1902
0.02468 -0.1966
0.02469 -0.202
0.0247 -0.2042
0.02471 -0.2044
0.02472 -0.2024
0.02473 -0.1992
0.02474 -0.1942
0.02475 -0.1888
0.02476 -0.1834
0.02477 -0.177
0.02478 -0.1722
0.02479 -0.168
0.0248 -0.1608
0.02481 -0.1532
0.02482 -0.146
0.02483 -0.1392
0.02484 -0.1324
0.02485 -0.1278
0.02486 -0.1236
0.02487 -0.121
0.02488 -0.1202
0.02489 -0.1206
0.0249 -0.1218
0.02491 -0.1236
0.02492 -0.1262
0.02493 -0.1286
0.02494 -0.1304
0.02495 -0.132
0.02496 -0.1326
0.02497 -0.133
0.02498 -0.1328
0.02499 -0.1318
0.025 -0.1304
0.02501 -0.129
0.02502 -0.1268
0.02503 -0.1238
0.02504 -0.1212
0.02505 -0.1182
0.02506 -0.115
0.02507 -0.112
0.02508 -0.1098
0.02509 -0.1076
0.0251 -0.1062
0.02511 -0.1056
0.02512 -0.1052
0.02513 -0.1054
0.02514 -0.106
0.02515 -0.1066
0.02516 -0.107
0.02517 -0.1078
0.02518 -0.1078
0.02519 -0.1078
0.0252 -0.108
0.02521 -0.1076
0.02522 -0.1076
0.02523 -0.1072
0.02524 -0.107
0.02525 -0.1064
0.02526 -0.106
0.02527 -0.1058
0.02528 -0.1054
0.02529 -0.105
0.0253 -0.1054
0.02531 -0.1054
0.02532 -0.105
0.02533 -0.1058
0.02534 -0.1054
0.02535 -0.105
0.02536 -0.1044
0.02537 -0.1032
0.02538 -0.1016
0.02539 -0.1
0.0254 -0.0984
0.02541 -0.0966
0.02542 -0.0954
0.02543 -0.0946
0.02544 -0.0938
0.02545 -0.0932
0.02546 -0.0934
0.02547 -0.0934
0.02548 -0.0932
0.02549 -0.0942
0.0255 -0.094
0.02551 -0.094
0.02552 -0.0944
0.02553 -0.094
0.02554 -0.0936
0.02555 -0.0936
0.02556 -0.0932
0.02557 -0.0928
0.02558 -0.0928
0.02559 -0.093
0.0256 -0.093
0.02561 -0.093
0.02562 -0.0936
0.02563 -0.094
0.02564 -0.0944
0.02565 -0.0956
0.02566 -0.0956
0.02567 -0.0962
0.02568 -0.0966
0.02569 -0.0966
0.0257 -0.0964
0.02571 -0.0962
0.02572 -0.0958
0.02573 -0.095
0.02574 -0.0952
0.02575 -0.095
0.02576 -0.0948
0.02577 -0.0954
0.02578 -0.096
0.02579 -0.0966
0.0258 -0.0974
0.02581 -0.0986
0.02582 -0.0992
0.02583 -0.0994
0.02584 -0.1002
0.02585 -0.1
0.02586 -0.0998
0.02587 -0.0994
0.02588 -0.099
0.02589 -0.0982
0.0259 -0.0982
0.02591 -0.0974
0.02592 -0.0968
0.02593 -0.0966
0.02594 -0.096
0.02595 -0.0954
0.02596 -0.0948
0.02597 -0.0944
0.02598 -0.0936
0.02599 -0.093
0.026 -0.093
0.02601 -0.0924
0.02602 -0.0922
0.02603 -0.0922
0.02604 -0.092
0.02605 -0.092
0.02606 -0.092
0.02607 -0.0922
0.02608 -0.0918
0.02609 -0.0922
0.0261 -0.092
0.02611 -0.0918
0.02612 -0.0916
0.02613 -0.0914
0.02614 -0.091
0.02615 -0.0908
0.02616 -0.0906
0.02617 -0.0902
0.02618 -0.0902
0.02619 -0.0902
0.0262 -0.0898
0.02621 -0.0894
0.02622 -0.0894
0.02623 -0.0892
0.02624 -0.0886
0.02625 -0.0888
0.02626 -0.0884
0.02627 -0.088
0.02628 -0.0882
0.02629 -0.0882
0.0263 -0.088
0.02631 -0.0882
0.02632 -0.0884
0.02633 -0.0884
0.02634 -0.0884
0.02635 -0.0888
0.02636 -0.0888
0.02637 -0.089
0.02638 -0.0892
0.02639 -0.0894
0.0264 -0.0894
0.02641 -0.0898
0.02642 -0.0896
0.02643 -0.0898
0.02644 -0.0898
0.02645 -0.09
0.02646 -0.0902
0.02647 -0.0906
0.02648 -0.0906
0.02649 -0.0908
0.0265 -0.0914
0.02651 -0.0922
0.02652 -0.0924
0.02653 -0.0928
0.02654 -0.0934
0.02655 -0.0938
0.02656 -0.0938
0.02657 -0.0944
0.02658 -0.0944
0.02659 -0.094
0.0266 -0.0946
0.02661 -0.0946
0.02662 -0.0946
0.02663 -0.095
0.02664 -0.095
0.02665 -0.0952
0.02666 -0.0954
0.02667 -0.0956
0.02668 -0.0956
0.02669 -0.0958
0.0267 -0.096
0.02671 -0.096
0.02672 -0.0958
0.02673 -0.0962
0.02674 -0.0956
0.02675 -0.0952
0.02676 -0.0956
0.02677 -0.095
0.02678 -0.0944
0.02679 -0.0946
0.0268 -0.0942
0.02681 -0.0936
0.02682 -0.0938
0.02683 -0.0934
0.02684 -0.0932
0.02685 -0.0936
0.02686 -0.094
0.02687 -0.0946
0.02688 -0.0952
0.02689 -0.0962
0.0269 -0.097
0.02691 -0.0978
0.02692 -0.0986
0.02693 -0.0994
0.02694 -0.0994
0.02695 -0.1
0.02696 -0.1002
0.02697 -0.0998
0.02698 -0.1002
0.02699 -0.1004
0.027 -0.1004
0.02701 -0.1012
0.02702 -0.1016
0.02703 -0.1022
0.02704 -0.103
0.02705 -0.104
0.02706 -0.1046
0.02707 -0.105
0.02708 -0.1058
0.02709 -0.106
0.0271 -0.1058
0.02711 -0.1058
0.02712 -0.1052
0.02713 -0.104
0.02714 -0.1036
0.02715 -0.1026
0.02716 -0.1016
0.02717 -0.101
0.02718 -0.1004
0.02719 -0.0996
0.0272 -0.0994
0.02721 -0.0992
0.02722 -0.0988
0.02723 -0.0992
0.02724 -0.0994
0.02725 -0.0998
0.02726 -0.1002
0.02727 -0.1012
0.02728 -0.1016
0.02729 -0.1024
0.0273 -0.1036
0.02731 -0.1042
0.02732 -0.105
0.02733 -0.1062
0.02734 -0.107
0.02735 -0.1078
0.02736 -0.1086
0.02737 -0.1094
0.02738 -0.1098
0.02739 -0.1106
0.0274 -0.111
0.02741 -0.111
0.02742 -0.1112
0.02743 -0.1114
0.02744 -0.111
0.02745 -0.1108
0.02746 -0.1104
0.02747 -0.1094
0.02748 -0.1084
0.02749 -0.1078
0.0275 -0.1066
0.02751 -0.1054
0.02752 -0.1048
0.02753 -0.1036
0.02754 -0.1022
0.02755 -0.1016
0.02756 -0.1006
0.02757 -0.0992
0.02758 -0.0984
0.02759 -0.0976
0.0276 -0.0966
0.02761 -0.0958
0.02762 -0.0956
0.02763 -0.0952
0.02764 -0.0948
0.02765 -0.0952
0.02766 -0.095
0.02767 -0.095
0.02768 -0.0952
0.02769 -0.0952
0.0277 -0.095
0.02771 -0.095
0.02772 -0.095
0.02773 -0.0946
0.02774 -0.0948
0.02775 -0.0948
0.02776 -0.0944
0.02777 -0.0944
0.02778 -0.0946
0.02779 -0.0946
0.0278 -0.0942
0.02781 -0.095
0.02782 -0.0946
0.02783 -0.0948
0.02784 -0.0954
0.02785 -0.0954
0.02786 -0.0956
0.02787 -0.0966
0.02788 -0.0968
0.02789 -0.0972
0.0279 -0.0982
0.02791 -0.0988
0.02792 -0.0996
0.02793 -0.101
0.02794 -0.102
0.02795 -0.1032
0.02796 -0.1042
0.02797 -0.106
0.02798 -0.1072
0.02799 -0.1086
0.028 -0.1102
0.02801 -0.1094
0.02802 -0.1106
0.02803 -0.1124
0.02804 -0.1136
0.02805 -0.1146
0.02806 -0.1158
0.02807 -0.1164
0.02808 -0.1166
0.02809 -0.1168
0.0281 -0.1166
0.02811 -0.116
0.02812 -0.1154
0.02813 -0.1148
0.02814 -0.1136
0.02815 -0.1124
0.02816 -0.1126
0.02817 -0.1122
0.02818 -0.1108
0.02819 -0.1096
0.0282 -0.1086
0.02821 -0.1072
0.02822 -0.1064
0.02823 -0.1054
0.02824 -0.1044
0.02825 -0.1036
0.02826 -0.1026
0.02827 -0.102
0.02828 -0.101
0.02829 -0.1008
0.0283 -0.0996
0.02831 -0.099
0.02832 -0.099
0.02833 -0.0982
0.02834 -0.0978
0.02835 -0.0976
0.02836 -0.0972
0.02837 -0.0968
0.02838 -0.0968
0.02839 -0.0964
0.0284 -0.096
0.02841 -0.0962
0.02842 -0.0956
0.02843 -0.0952
0.02844 -0.0954
0.02845 -0.0952
0.02846 -0.0948
0.02847 -0.095
0.02848 -0.0948
0.02849 -0.0948
0.0285 -0.0952
0.02851 -0.0956
0.02852 -0.0962
0.02853 -0.0968
0.02854 -0.0976
0.02855 -0.0986
0.02856 -0.0992
0.02857 -0.1006
0.02858 -0.101
0.02859 -0.1018
0.0286 -0.1024
0.02861 -0.1026
0.02862 -0.1024
0.02863 -0.1024
0.02864 -0.1016
0.02865 -0.1014
0.02866 -0.1004
0.02867 -0.0996
0.02868 -0.0986
0.02869 -0.0976
0.0287 -0.0972
0.02871 -0.0966
0.02872 -0.0956
0.02873 -0.0954
0.02874 -0.0948
0.02875 -0.0946
0.02876 -0.0946
0.02877 -0.095
0.02878 -0.0952
0.02879 -0.0964
0.0288 -0.098
0.02881 -0.0996
0.02882 -0.1026
0.02883 -0.1054
0.02884 -0.1082
0.02885 -0.1092
0.02886 -0.1126
0.02887 -0.1148
0.02888 -0.1162
0.02889 -0.117
0.0289 -0.1164
0.02891 -0.1154
0.02892 -0.1146
0.02893 -0.1132
0.02894 -0.1118
0.02895 -0.1114
0.02896 -0.111
0.02897 -0.1108
0.02898 -0.1118
0.02899 -0.112
0.029 -0.1124
0.02901 -0.113
0.02902 -0.1128
0.02903 -0.1128
0.02904 -0.1118
0.02905 -0.1114
0.02906 -0.1122
0.02907 -0.111
0.02908 -0.1104
0.02909 -0.1092
0.0291 -0.1086
0.02911 -0.108
0.02912 -0.1068
0.02913 -0.1054
0.02914 -0.1042
0.02915 -0.103
0.02916 -0.1026
0.02917 -0.1036
0.02918 -0.1046
0.02919 -0.1068
0.0292 -0.109
0.02921 -0.1108
0.02922 -0.1116
0.02923 -0.1116
0.02924 -0.111
0.02925 -0.1094
0.02926 -0.1076
0.02927 -0.1064
0.02928 -0.1046
0.02929 -0.1028
0.0293 -0.1014
0.02931 -0.1006
0.02932 -0.0998
0.02933 -0.1008
0.02934 -0.1014
0.02935 -0.102
0.02936 -0.1026
0.02937 -0.1028
0.02938 -0.1028
0.02939 -0.1034
0.0294 -0.1052
0.02941 -0.107
0.02942 -0.109
0.02943 -0.1106
0.02944 -0.1106
0.02945 -0.1096
0.02946 -0.108
0.02947 -0.1058
0.02948 -0.1032
0.02949 -0.1016
0.0295 -0.0996
0.02951 -0.098
0.02952 -0.0974
0.02953 -0.0966
0.02954 -0.096
0.02955 -0.096
0.02956 -0.0958
0.02957 -0.0954
0.02958 -0.0952
0.02959 -0.0956
0.0296 -0.0956
0.02961 -0.0966
0.02962 -0.0986
0.02963 -0.1
0.02964 -0.1012
0.02965 -0.1026
0.02966 -0.1028
0.02967 -0.1036
0.02968 -0.105
0.02969 -0.106
0.0297 -0.108
0.02971 -0.1124
0.02972 -0.1198
0.02973 -0.1334
0.02974 -0.1472
0.02975 -0.1556
0.02976 -0.1554
0.02977 -0.1494
0.02978 -0.1412
0.02979 -0.1334
0.0298 -0.1272
0.02981 -0.1236
0.02982 -0.122
0.02983 -0.1192
0.02984 -0.1168
0.02985 -0.1138
0.02986 -0.111
0.02987 -0.109
0.02988 -0.1078
0.02989 -0.1064
0.0299 -0.1056
0.02991 -0.106
0.02992 -0.1072
0.02993 -0.1102
0.02994 -0.1132
0.02995 -0.1152
0.02996 -0.1164
0.02997 -0.1172
0.02998 -0.1178
0.02999 -0.1184
0.03 -0.1186
0.03001 -0.117
0.03002 -0.1148
0.03003 -0.112
0.03004 -0.1084
0.03005 -0.1052
0.03006 -0.1032
0.03007 -0.1012
0.03008 -0.0992
0.03009 -0.0978
0.0301 -0.0966
0.03011 -0.0972
0.03012 -0.099
0.03013 -0.1004
0.03014 -0.1004
0.03015 -0.0996
0.03016 -0.0994
0.03017 -0.0986
0.03018 -0.099
0.03019 -0.1014
0.0302 -0.1048
0.03021 -0.1094
0.03022 -0.1144
0.03023 -0.1158
0.03024 -0.1192
0.03025 -0.1232
0.03026 -0.1276
0.03027 -0.1302
0.03028 -0.1302
0.03029 -0.129
0.0303 -0.1286
0.03031 -0.1292
0.03032 -0.1296
0.03033 -0.1278
0.03034 -0.124
0.03035 -0.1206
0.03036 -0.1192
0.03037 -0.1168
0.03038 -0.115
0.03039 -0.113
0.0304 -0.1108
0.03041 -0.1088
0.03042 -0.1064
0.03043 -0.1042
0.03044 -0.1028
0.03045 -0.1012
0.03046 -0.099
0.03047 -0.0976
0.03048 -0.0968
0.03049 -0.0964
0.0305 -0.0954
0.03051 -0.0954
0.03052 -0.0956
0.03053 -0.0966
0.03054 -0.0976
0.03055 -0.0974
0.03056 -0.0964
0.03057 -0.0962
0.03058 -0.0972
0.03059 -0.0996
0.0306 -0.1026
0.03061 -0.1032
0.03062 -0.102
0.03063 -0.1
0.03064 -0.0984
0.03065 -0.0968
0.03066 -0.0956
0.03067 -0.0952
0.03068 -0.0942
0.03069 -0.094
0.0307 -0.0954
0.03071 -0.0974
0.03072 -0.0996
0.03073 -0.101
0.03074 -0.101
0.03075 -0.1
0.03076 -0.1008
0.03077 -0.1034
0.03078 -0.1086
0.03079 -0.1118
0.0308 -0.1166
0.03081 -0.1226
0.03082 -0.1298
0.03083 -0.135
0.03084 -0.135
0.03085 -0.1308
0.03086 -0.126
0.03087 -0.122
0.03088 -0.1204
0.03089 -0.1194
0.0309 -0.1168
0.03091 -0.1154
0.03092 -0.1136
0.03093 -0.1144
0.03094 -0.1166
0.03095 -0.1192
0.03096 -0.1192
0.03097 -0.1186
0.03098 -0.1186
0.03099 -0.1178
0.031 -0.1158
0.03101 -0.113
0.03102 -0.1098
0.03103 -0.107
0.03104 -0.1044
0.03105 -0.1024
0.03106 -0.1004
0.03107 -0.0988
0.03108 -0.0984
0.03109 -0.0986
0.0311 -0.0992
0.03111 -0.1004
0.03112 -0.1002
0.03113 -0.0996
0.03114 -0.0994
0.03115 -0.1002
0.03116 -0.103
0.03117 -0.1072
0.03118 -0.1106
0.03119 -0.1116
0.0312 -0.1108
0.03121 -0.1096
0.03122 -0.1076
0.03123 -0.107
0.03124 -0.1068
0.03125 -0.1072
0.03126 -0.1106
0.03127 -0.1186
0.03128 -0.1268
0.03129 -0.1364
0.0313 -0.1424
0.03131 -0.1436
0.03132 -0.1412
0.03133 -0.1366
0.03134 -0.1308
0.03135 -0.125
0.03136 -0.121
0.03137 -0.1186
0.03138 -0.1152
0.03139 -0.1146
0.0314 -0.1158
0.03141 -0.118
0.03142 -0.12
0.03143 -0.1222
0.03144 -0.1228
0.03145 -0.1224
0.03146 -0.1208
0.03147 -0.117
0.03148 -0.113
0.03149 -0.1108
0.0315 -0.1096
0.03151 -0.109
0.03152 -0.108
0.03153 -0.1058
0.03154 -0.1034
0.03155 -0.1018
0.03156 -0.1
0.03157 -0.0984
0.03158 -0.097
0.03159 -0.096
0.0316 -0.095
0.03161 -0.0948
0.03162 -0.0964
0.03163 -0.0984
0.03164 -0.0998
0.03165 -0.1028
0.03166 -0.1096
0.03167 -0.1212
0.03168 -0.138
0.03169 -0.1496
0.0317 -0.1522
0.03171 -0.148
0.03172 -0.1408
0.03173 -0.1332
0.03174 -0.1262
0.03175 -0.1212
0.03176 -0.1178
0.03177 -0.113
0.03178 -0.11
0.03179 -0.1078
0.0318 -0.106
0.03181 -0.1056
0.03182 -0.1054
0.03183 -0.109
0.03184 -0.1168
0.03185 -0.1258
0.03186 -0.1302
0.03187 -0.1354
0.03188 -0.1424
0.03189 -0.1554
0.0319 -0.1716
0.03191 -0.1834
0.03192 -0.1888
0.03193 -0.1854
0.03194 -0.1768
0.03195 -0.1664
0.03196 -0.1546
0.03197 -0.1454
0.03198 -0.1384
0.03199 -0.1312
0.032 -0.1258
0.03201 -0.1212
0.03202 -0.117
0.03203 -0.1132
0.03204 -0.1092
0.03205 -0.106
0.03206 -0.104
0.03207 -0.1016
0.03208 -0.0992
0.03209 -0.0978
0.0321 -0.0978
0.03211 -0.0978
0.03212 -0.0972
0.03213 -0.0964
0.03214 -0.095
0.03215 -0.0938
0.03216 -0.0934
0.03217 -0.0932
0.03218 -0.0934
0.03219 -0.0942
0.0322 -0.0946
0.03221 -0.0942
0.03222 -0.0938
0.03223 -0.094
0.03224 -0.0954
0.03225 -0.0988
0.03226 -0.1024
0.03227 -0.104
0.03228 -0.104
0.03229 -0.1046
0.0323 -0.1056
0.03231 -0.1062
0.03232 -0.1056
0.03233 -0.1036
0.03234 -0.1012
0.03235 -0.0998
0.03236 -0.099
0.03237 -0.0982
0.03238 -0.0978
0.03239 -0.0964
0.0324 -0.0952
0.03241 -0.0946
0.03242 -0.0942
0.03243 -0.094
0.03244 -0.0954
0.03245 -0.0966
0.03246 -0.0974
0.03247 -0.0964
0.03248 -0.0952
0.03249 -0.0948
0.0325 -0.0946
0.03251 -0.0952
0.03252 -0.0958
0.03253 -0.0986
0.03254 -0.1038
0.03255 -0.1082
0.03256 -0.1094
0.03257 -0.1092
0.03258 -0.1076
0.03259 -0.1068
0.0326 -0.1082
0.03261 -0.1118
0.03262 -0.1174
0.03263 -0.1222
0.03264 -0.124
0.03265 -0.1226
0.03266 -0.1194
0.03267 -0.1168
0.03268 -0.1136
0.03269 -0.1108
0.0327 -0.112
0.03271 -0.1114
0.03272 -0.1114
0.03273 -0.1114
0.03274 -0.1116
0.03275 -0.1122
0.03276 -0.1154
0.03277 -0.1194
0.03278 -0.1216
0.03279 -0.1224
0.0328 -0.1218
0.03281 -0.121
0.03282 -0.1198
0.03283 -0.1176
0.03284 -0.1154
0.03285 -0.1132
0.03286 -0.1124
0.03287 -0.1128
0.03288 -0.1126
0.03289 -0.1114
0.0329 -0.1092
0.03291 -0.108
0.03292 -0.1086
0.03293 -0.1094
0.03294 -0.111
0.03295 -0.1122
0.03296 -0.1116
0.03297 -0.1102
0.03298 -0.1076
0.03299 -0.105
0.033 -0.1028
0.03301 -0.1012
0.03302 -0.1004
0.03303 -0.0992
0.03304 -0.0984
0.03305 -0.0988
0.03306 -0.1006
0.03307 -0.106
0.03308 -0.1172
0.03309 -0.1284
0.0331 -0.139
0.03311 -0.1436
0.03312 -0.1422
0.03313 -0.1378
0.03314 -0.133
0.03315 -0.1302
0.03316 -0.1316
0.03317 -0.1362
0.03318 -0.1396
0.03319 -0.1384
0.0332 -0.1342
0.03321 -0.1288
0.03322 -0.1246
0.03323 -0.1196
0.03324 -0.1158
0.03325 -0.1122
0.03326 -0.1098
0.03327 -0.1094
0.03328 -0.1096
0.03329 -0.1096
0.0333 -0.1086
0.03331 -0.106
0.03332 -0.1038
0.03333 -0.1022
0.03334 -0.1004
0.03335 -0.0988
0.03336 -0.0982
0.03337 -0.0978
0.03338 -0.0974
0.03339 -0.0972
0.0334 -0.0978
0.03341 -0.0984
0.03342 -0.0992
0.03343 -0.0992
0.03344 -0.0978
0.03345 -0.0966
0.03346 -0.0962
0.03347 -0.0956
0.03348 -0.0942
0.03349 -0.0938
0.0335 -0.093
0.03351 -0.0924
0.03352 -0.0926
0.03353 -0.093
0.03354 -0.0934
0.03355 -0.0944
0.03356 -0.0956
0.03357 -0.0958
0.03358 -0.095
0.03359 -0.0948
0.0336 -0.094
0.03361 -0.0934
0.03362 -0.0932
0.03363 -0.0926
0.03364 -0.0922
0.03365 -0.092
0.03366 -0.0916
0.03367 -0.0906
0.03368 -0.0906
0.03369 -0.0908
0.0337 -0.0908
0.03371 -0.0916
0.03372 -0.0922
0.03373 -0.0916
0.03374 -0.0912
0.03375 -0.0914
0.03376 -0.0914
0.03377 -0.092
0.03378 -0.0928
0.03379 -0.0938
0.0338 -0.096
0.03381 -0.1006
0.03382 -0.1042
0.03383 -0.1062
0.03384 -0.1078
0.03385 -0.1066
0.03386 -0.1046
0.03387 -0.1024
0.03388 -0.1002
0.03389 -0.0996
0.0339 -0.0988
0.03391 -0.0974
0.03392 -0.0958
0.03393 -0.095
0.03394 -0.0948
0.03395 -0.0948
0.03396 -0.0952
0.03397 -0.0954
0.03398 -0.0954
0.03399 -0.0962
0.034 -0.0986
0.03401 -0.1004
0.03402 -0.1012
0.03403 -0.1022
0.03404 -0.1024
0.03405 -0.102
0.03406 -0.1008
0.03407 -0.0998
0.03408 -0.0982
0.03409 -0.0974
0.0341 -0.0968
0.03411 -0.0968
0.03412 -0.096
0.03413 -0.0962
0.03414 -0.0962
0.03415 -0.0958
0.03416 -0.0962
0.03417 -0.0964
0.03418 -0.0964
0.03419 -0.0966
0.0342 -0.0964
0.03421 -0.0964
0.03422 -0.0968
0.03423 -0.097
0.03424 -0.0966
0.03425 -0.0968
0.03426 -0.097
0.03427 -0.0968
0.03428 -0.0968
0.03429 -0.0972
0.0343 -0.097
0.03431 -0.0966
0.03432 -0.0972
0.03433 -0.0968
0.03434 -0.0966
0.03435 -0.0968
0.03436 -0.0964
0.03437 -0.0962
0.03438 -0.096
0.03439 -0.0954
0.0344 -0.0948
0.03441 -0.0948
0.03442 -0.0946
0.03443 -0.0942
0.03444 -0.0942
0.03445 -0.094
0.03446 -0.0938
0.03447 -0.0938
0.03448 -0.0942
0.03449 -0.0938
0.0345 -0.0938
0.03451 -0.0942
0.03452 -0.094
0.03453 -0.0938
0.03454 -0.0942
0.03455 -0.094
0.03456 -0.094
0.03457 -0.0942
0.03458 -0.094
0.03459 -0.0942
0.0346 -0.0944
0.03461 -0.0946
0.03462 -0.095
0.03463 -0.095
0.03464 -0.0956
0.03465 -0.096
0.03466 -0.096
0.03467 -0.0968
0.03468 -0.0968
0.03469 -0.0964
0.0347 -0.0966
0.03471 -0.0964
0.03472 -0.0956
0.03473 -0.0956
0.03474 -0.0952
0.03475 -0.0952
0.03476 -0.0958
0.03477 -0.0962
0.03478 -0.0964
0.03479 -0.0974
0.0348 -0.0984
0.03481 -0.0986
0.03482 -0.099
0.03483 -0.0994
0.03484 -0.0992
0.03485 -0.0992
0.03486 -0.0996
0.03487 -0.0994
0.03488 -0.0992
0.03489 -0.0996
0.0349 -0.0996
0.03491 -0.0996
0.03492 -0.1002
0.03493 -0.1002
0.03494 -0.1002
0.03495 -0.1006
0.03496 -0.1006
0.03497 -0.1002
0.03498 -0.0996
0.03499 -0.0994
