Version	GMID-X v 1.0							
Chemistry Kit	PowerPlexY23_POP7_Panels_IDX_v2.0							
BinSet Name	PowerPlexY23_POP7_Bins_IDX_v2.0							
Panel Name	PowerPlexY23_POP7_IDX_v2.0							
Marker Name	DYS576							
10	81.92	0.5	0.5	virtual				
11	86.23	0.5	0.5					
12	90.54	0.5	0.5					
13	94.78	0.5	0.5					
14	99.01	0.5	0.5					
15	103.29	0.5	0.5					
15.2	105.43	0.5	0.5	virtual				
16	107.56	0.5	0.4					
16.1	108.62	0.4	0.5	virtual				
16.3	110.75	0.5	0.4	virtual				
17	111.81	0.4	0.5					
18	116.04	0.5	0.5					
18.2	118.16	0.5	0.5	virtual				
19	120.27	0.5	0.5					
20	124.37	0.5	0.5					
21	128.43	0.5	0.5					
22	132.49	0.5	0.5					
23	136.53	0.5	0.5					
24	140.57	0.5	0.5	virtual				
Marker Name	DYS389I							
9	145.22	0.5	0.5					
10	149.43	0.5	0.5					
11	153.59	0.5	0.5					
12	157.77	0.5	0.5					
12.2	159.84	0.5	0.4	virtual				
12.3	160.87	0.4	0.4	virtual				
13	161.9	0.4	0.5					
13.2	163.97	0.5	0.4	virtual				
13.3	165	0.4	0.4	virtual				
14	166.03	0.4	0.5					
15	170.11	0.5	0.5					
16	174.23	0.5	0.5					
17	178.33	0.5	0.5					
18	182.43	0.5	0.5	virtual				
Marker Name	DYS448							
13	186.67	0.5	0.5	virtual				
14	192.67	0.5	0.5					
14.4	196.67	0.5	0.5	virtual				
15	198.67	0.5	0.5					
15.2	200.67	0.5	0.5	virtual				
16	204.68	0.5	0.5					
16.2	206.69	0.5	0.5	virtual				
16.4	208.7	0.5	0.5	virtual				
17	210.71	0.5	0.5					
17.2	212.71	0.5	0.5	virtual				
17.4	214.72	0.5	0.5	virtual				
18	216.72	0.5	0.4					
18.1	217.72	0.4	0.4	virtual				
18.2	218.73	0.4	0.4	virtual				
18.3	219.73	0.4	0.4	virtual				
18.4	220.73	0.4	0.4	virtual				
18.5	221.74	0.4	0.4	virtual				
19	222.74	0.4	0.5					
19.2	224.75	0.5	0.4	virtual				
19.3	225.76	0.4	0.4	virtual				
19.4	226.77	0.4	0.4	virtual				
19.5	227.77	0.4	0.4	virtual				
20	228.78	0.4	0.4					
20.1	229.79	0.4	0.4	virtual				
20.2	230.79	0.4	0.4	virtual				
20.3	231.8	0.4	0.4	virtual				
20.4	232.8	0.4	0.5	virtual				
21	234.81	0.5	0.5					
21.2	236.83	0.5	0.5	virtual				
21.4	238.84	0.5	0.4	virtual				
21.5	239.85	0.4	0.4	virtual				
22	240.86	0.4	0.5					
23	246.93	0.5	0.5					
24	253	0.5	0.5					
Marker Name	DYS389II							
24	260.62	0.5	0.5					
25	264.74	0.5	0.5					
26	268.83	0.5	0.5					
27	272.93	0.5	0.5					
28	277	0.5	0.5					
28.2	279.03	0.5	0.5	virtual				
29	281.05	0.5	0.5					
29.2	283.11	0.5	0.4	virtual				
29.3	284.13	0.4	0.4	virtual				
30	285.16	0.4	0.5					
30.3	288.19	0.5	0.4	virtual				
31	289.2	0.4	0.4					
31.1	290.21	0.4	0.5	virtual				
32	293.23	0.5	0.5					
33	297.26	0.5	0.5					
34	301.28	0.5	0.5					
35	305.34	0.5	0.5					
36	309.4	0.5	0.4	virtual				
Marker Name	DYS19							
9	311.36	0.4	0.5					
10	315.42	0.5	0.5					
11	319.5	0.5	0.5					
12	323.58	0.5	0.5					
13	327.68	0.5	0.5					
13.2	329.73	0.5	0.5	virtual				
14	331.77	0.5	0.4					
14.1	332.79	0.4	0.4	virtual				
14.2	333.82	0.4	0.4	virtual				
14.3	334.84	0.4	0.4	virtual				
15	335.86	0.4	0.5					
15.2	337.93	0.5	0.5	virtual				
16	340	0.5	0.5					
16.2	342.05	0.5	0.5	virtual				
17	344.1	0.5	0.5					
18	348.23	0.5	0.5					
19	352.27	0.5	0.5					
20	356.31	0.5	0.5	virtual				
Marker Name	DYS391							
4	73.87	0.5	0.5	virtual				
5	78.4	0.5	0.5					
6	82.93	0.5	0.5					
7	87.5	0.5	0.5					
8	91.97	0.5	0.5					
8.3	95.32	0.5	0.4	virtual				
9	96.44	0.4	0.4					
9.1	97.56	0.4	0.5	virtual				
10	100.92	0.5	0.5					
10.2	103.17	0.5	0.5	virtual				
11	105.42	0.5	0.5					
12	109.88	0.5	0.5					
12.2	112.11	0.5	0.5	virtual				
13	114.33	0.5	0.5					
14	118.77	0.5	0.5					
15	123.11	0.5	0.5					
16	127.42	0.5	0.5					
Marker Name	DYS481							
16	130.49	0.5	0.4	virtual				
17	133.52	0.5	0.4					
18	136.55	0.5	0.4					
19	139.56	0.5	0.4					
20	142.57	0.5	0.4					
21	145.58	0.5	0.4					
22	148.59	0.5	0.4					
23	151.6	0.5	0.4					
23.1	152.6	0.4	0.4	virtual				
24	154.59	0.5	0.4					
24.1	155.59	0.4	0.4	virtual				
25	157.58	0.5	0.4					
25.1	158.56	0.4	0.4	virtual				
26	160.53	0.5	0.4					
26.1	161.52	0.4	0.4	virtual				
27	163.5	0.5	0.4					
27.1	164.48	0.4	0.4	virtual				
28	166.45	0.5	0.4					
28.1	167.43	0.4	0.4	virtual				
29	169.39	0.5	0.4					
30	172.34	0.5	0.4					
31	175.28	0.5	0.4					
32	178.2	0.5	0.4					
33	181.12	0.5	0.4	virtual				
Marker Name	DYS549							
6	190.5	0.5	0.5	virtual				
7	194.55	0.5	0.5					
8	198.6	0.5	0.5					
9	202.65	0.5	0.5					
10	206.7	0.5	0.5					
11	210.76	0.5	0.5					
11.3	213.81	0.5	0.4	virtual				
12	214.82	0.4	0.5					
13	218.88	0.5	0.5					
14	222.93	0.5	0.5					
15	227.03	0.5	0.5					
16	231.08	0.5	0.5					
17	235.16	0.5	0.5					
Marker Name	DYS533							
7	243.48	0.4	0.5					
8	247.56	0.5	0.5					
9	251.63	0.5	0.5					
10	255.72	0.5	0.5					
10.2	257.76	0.5	0.5	virtual				
11	259.79	0.5	0.5					
11.3	262.84	0.5	0.4	virtual				
12	263.85	0.4	0.4					
12.1	264.86	0.4	0.5	virtual				
12.3	266.88	0.5	0.4	virtual				
13	267.89	0.4	0.4					
13.1	268.91	0.4	0.5	virtual				
14	271.97	0.5	0.5					
15	275.99	0.5	0.5					
15.3	278.99	0.5	0.4	virtual				
16	279.99	0.4	0.5					
16.3	283.01	0.5	0.4	virtual				
17	284.02	0.4	0.5					
18	288.05	0.5	0.5	virtual				
Marker Name	DYS438							
5	291.3	0.4	0.5	virtual				
6	296.42	0.5	0.5					
7	301.54	0.5	0.5					
8	306.64	0.5	0.5					
8.2	308.69	0.5	0.5	virtual				
9	311.76	0.5	0.5					
9.2	313.82	0.5	0.5	virtual				
9.4	315.88	0.5	0.4	virtual				
10	316.91	0.4	0.5					
11	322.07	0.5	0.5					
11.2	324.13	0.5	0.5	virtual				
12	327.23	0.5	0.5					
13	332.43	0.5	0.5					
13.2	334.5	0.5	0.5	virtual				
14	337.61	0.5	0.4					
14.1	338.65	0.4	0.5	virtual				
15	342.8	0.5	0.5					
16	347.99	0.5	0.4					
Marker Name	DYS437							
10	349.65	0.4	0.5	virtual				
11	353.65	0.5	0.5					
12	357.65	0.5	0.4					
12.1	358.66	0.4	0.5	virtual				
13	361.67	0.5	0.4					
13.1	362.67	0.4	0.4	virtual				
13.2	363.67	0.4	0.5	virtual				
14	365.67	0.5	0.5					
14.2	367.68	0.5	0.5	virtual				
15	369.68	0.5	0.4					
15.1	370.68	0.4	0.5	virtual				
16	373.69	0.5	0.5					
17	377.71	0.5	0.5					
18	381.74	0.5	0.5					
18.2	383.76	0.5	0.5	virtual				
19	385.77	0.5	0.5	virtual				
Marker Name	DYS570							
9	80.25	0.5	0.5	virtual				
10	84.48	0.5	0.5					
11	88.71	0.5	0.5					
12	92.88	0.5	0.5					
13	97.1	0.5	0.5					
13.2	99.2	0.5	0.5	virtual				
14	101.29	0.5	0.5					
14.2	103.42	0.5	0.5	virtual				
15	105.54	0.5	0.5					
15.2	107.64	0.5	0.5	virtual				
16	109.74	0.5	0.4					
16.1	110.8	0.4	0.4	virtual				
16.2	111.85	0.4	0.5	virtual				
17	113.96	0.5	0.5					
17.2	116.06	0.5	0.4	virtual				
17.3	117.1	0.4	0.4	virtual				
18	118.15	0.5	0.5					
18.2	120.19	0.5	0.4	virtual				
18.3	121.21	0.4	0.4	virtual				
19	122.23	0.4	0.5					
19.3	125.29	0.5	0.4	virtual				
20	126.31	0.4	0.5					
20.3	129.32	0.5	0.4	virtual				
21	130.32	0.4	0.5					
22	134.34	0.5	0.5					
22.2	136.34	0.5	0.5	virtual				
23	138.34	0.5	0.5					
24	142.32	0.5	0.5					
25	146.3	0.5	0.5					
Marker Name	DYS635							
15	153.68	0.4	0.5					
16	157.82	0.5	0.5					
17	161.95	0.5	0.5					
18	166.03	0.5	0.5					
18.3	169.08	0.5	0.4	virtual				
19	170.1	0.4	0.5					
20	174.2	0.5	0.4					
20.1	175.21	0.4	0.5	virtual				
20.3	177.24	0.5	0.4	virtual				
21	178.25	0.4	0.5					
21.3	181.3	0.5	0.4	virtual				
22	182.31	0.4	0.5					
22.3	185.36	0.5	0.4	virtual				
23	186.37	0.4	0.4					
23.1	187.38	0.4	0.5	virtual				
24	190.42	0.5	0.5					
25	194.49	0.5	0.5					
26	198.56	0.5	0.5					
27	202.62	0.5	0.5					
28	206.67	0.5	0.5					
28.2	208.7	0.5	0.5	virtual				
Marker Name	DYS390							
17	212.14	0.4	0.5					
18	216.22	0.5	0.5					
19	220.29	0.5	0.5					
20	224.37	0.5	0.5					
21	228.45	0.5	0.4					
21.1	229.47	0.4	0.5	virtual				
22	232.54	0.5	0.5					
23	236.61	0.5	0.5					
23.2	238.67	0.5	0.5	virtual				
24	240.72	0.5	0.4					
24.1	241.74	0.4	0.5	virtual				
24.3	243.78	0.5	0.4	virtual				
25	244.8	0.4	0.5					
26	248.93	0.5	0.5					
27	253	0.5	0.5					
28	257.13	0.5	0.5					
29	261.21	0.5	0.4					
Marker Name	DYS439							
6	266.59	0.5	0.5					
7	270.7	0.5	0.5					
8	274.8	0.5	0.5					
9	278.85	0.5	0.5					
10	282.91	0.5	0.4					
10.1	283.92	0.4	0.4	virtual				
10.2	284.93	0.4	0.4	virtual				
10.3	285.94	0.4	0.4	virtual				
11	286.95	0.4	0.4					
11.1	287.96	0.4	0.5	virtual				
11.3	289.99	0.5	0.4	virtual				
12	291	0.4	0.5					
13	295.04	0.5	0.4					
13.1	296.05	0.4	0.5	virtual				
14	299.09	0.5	0.5					
15	303.14	0.5	0.5					
16	307.19	0.5	0.5					
17	311.26	0.5	0.5					
18	315.33	0.5	0.4	virtual				
Marker Name	DYS392							
4	317.21	0.4	0.5					
5	320.22	0.5	0.5					
6	323.19	0.5	0.5					
7	326.21	0.5	0.5					
8	329.23	0.5	0.5					
9	332.21	0.5	0.5					
10	335.26	0.5	0.5					
10.2	337.27	0.5	0.4	virtual				
11	338.27	0.4	0.4					
11.1	339.27	0.4	0.4	virtual				
11.2	340.27	0.4	0.4	virtual				
12	341.27	0.4	0.5					
12.2	343.28	0.5	0.4	virtual				
13	344.28	0.4	0.4					
13.1	345.28	0.4	0.4	virtual				
13.2	346.29	0.4	0.4	virtual				
14	347.29	0.4	0.4					
14.1	348.3	0.4	0.4	virtual				
14.2	349.32	0.4	0.4	virtual				
15	350.33	0.4	0.5					
16	353.3	0.5	0.5					
17	356.3	0.5	0.5					
18	359.27	0.5	0.5					
19	362.28	0.5	0.5					
20	365.29	0.5	0.5					
Marker Name	DYS643							
5	369.78	0.5	0.5	virtual				
6	374.97	0.5	0.5					
7	380.16	0.5	0.5					
8	385.35	0.5	0.5					
9	390.56	0.5	0.5					
9.2	392.64	0.5	0.5	virtual				
10	395.76	0.5	0.4					
10.1	396.8	0.4	0.5	virtual				
11	400.94	0.5	0.4					
11.1	401.96	0.4	0.5	virtual				
12	406.06	0.5	0.5					
13	411.21	0.5	0.5					
14	416.35	0.5	0.5					
15	421.49	0.5	0.5					
16	426.65	0.5	0.5					
17	431.88	0.5	0.5					
18	437.11	0.5	0.5	virtual				
Marker Name	DYS393							
6	98.36	0.5	0.5	virtual				
7	102.75	0.5	0.5					
8	107.14	0.5	0.5					
9	111.55	0.5	0.5					
10	115.88	0.5	0.5					
11	120.21	0.5	0.5					
12	124.41	0.5	0.4					
12.1	125.47	0.4	0.4	virtual				
12.2	126.52	0.4	0.5	virtual				
13	128.63	0.5	0.5					
14	132.78	0.5	0.5					
15	136.94	0.5	0.5					
16	141.05	0.5	0.5					
17	145.17	0.5	0.5					
18	149.3	0.5	0.5					
19	153.43	0.5	0.5	virtual				
Marker Name	DYS458							
10	161.05	0.5	0.5					
10.3	163.95	0.5	0.4	virtual				
11	164.91	0.4	0.5					
12	168.74	0.5	0.5					
12.2	170.66	0.5	0.5	virtual				
13	172.58	0.5	0.5					
13.2	174.51	0.5	0.5	virtual				
14	176.44	0.5	0.4					
14.1	177.4	0.4	0.4	virtual				
14.2	178.35	0.4	0.4	virtual				
14.3	179.31	0.4	0.4	virtual				
15	180.26	0.4	0.4					
15.1	181.22	0.4	0.4	virtual				
15.2	182.18	0.4	0.5	virtual				
16	184.09	0.5	0.4					
16.1	185.05	0.4	0.4	virtual				
16.2	186.01	0.4	0.4	virtual				
16.3	186.96	0.4	0.4	virtual				
17	187.92	0.4	0.4					
17.1	188.88	0.4	0.4	virtual				
17.2	189.84	0.4	0.4	virtual				
17.3	190.79	0.4	0.4	virtual				
18	191.75	0.4	0.4					
18.1	192.71	0.4	0.4	virtual				
18.2	193.66	0.4	0.4	virtual				
18.3	194.62	0.4	0.4	virtual				
19	195.57	0.4	0.4					
19.1	196.53	0.4	0.4	virtual				
19.2	197.49	0.4	0.5	virtual				
20	199.41	0.5	0.4					
20.1	200.37	0.4	0.4	virtual				
20.2	201.33	0.4	0.5	virtual				
21	203.25	0.5	0.4					
21.1	204.21	0.4	0.4	virtual				
21.2	205.18	0.4	0.5	virtual				
22	207.1	0.5	0.5					
22.2	209.02	0.5	0.5	virtual				
23	210.94	0.5	0.5					
23.2	212.86	0.5	0.5	virtual				
24	214.77	0.5	0.5					
Marker Name	DYS385 a/b							
6	226.8	0.5	0.5	virtual				
7	230.93	0.5	0.5					
8	235.06	0.5	0.5					
8.3	238.17	0.5	0.4	virtual				
9	239.21	0.4	0.4					
9.1	240.24	0.4	0.4	virtual				
9.2	241.28	0.4	0.4	virtual				
9.3	242.31	0.4	0.4	virtual				
10	243.34	0.4	0.4					
10.1	244.38	0.4	0.4	virtual				
10.2	245.43	0.4	0.5	virtual				
11	247.51	0.5	0.5					
11.2	249.58	0.5	0.4	virtual				
11.3	250.61	0.4	0.4	virtual				
12	251.64	0.4	0.4					
12.1	252.68	0.4	0.4	virtual				
12.2	253.72	0.4	0.4	virtual				
12.3	254.76	0.4	0.4	virtual				
13	255.8	0.4	0.4					
13.1	256.84	0.4	0.4	virtual				
13.2	257.88	0.4	0.4	virtual				
13.3	258.91	0.4	0.4	virtual				
14	259.95	0.4	0.5					
14.2	262.03	0.5	0.4	virtual				
14.3	263.07	0.4	0.4	virtual				
15	264.11	0.4	0.4					
15.1	265.14	0.4	0.4	virtual				
15.2	266.18	0.4	0.4	virtual				
15.3	267.21	0.4	0.4	virtual				
16	268.24	0.4	0.4					
16.1	269.27	0.4	0.4	virtual				
16.2	270.31	0.4	0.4	virtual				
16.3	271.34	0.4	0.4	virtual				
17	272.37	0.4	0.4					
17.1	273.4	0.4	0.4	virtual				
17.2	274.43	0.4	0.4	virtual				
17.3	275.46	0.4	0.4	virtual				
18	276.49	0.4	0.4					
18.1	277.51	0.4	0.4	virtual				
18.2	278.53	0.4	0.5	virtual				
19	280.57	0.5	0.4					
19.1	281.6	0.4	0.4	virtual				
19.2	282.62	0.4	0.4	virtual				
19.3	283.65	0.4	0.4	virtual				
20	284.67	0.4	0.5					
20.2	286.71	0.5	0.5	virtual				
21	288.74	0.5	0.5					
22	292.81	0.5	0.5					
23	296.88	0.5	0.5					
24	300.98	0.5	0.5					
25	305.05	0.5	0.5					
26	309.15	0.5	0.5					
27	313.26	0.5	0.5					
28	317.37	0.5	0.5					
Marker Name	DYS456							
11	321.65	0.5	0.5					
12	325.71	0.5	0.5					
13	329.76	0.5	0.5					
14	333.86	0.5	0.5					
15	337.96	0.5	0.4					
15.1	338.98	0.4	0.5	virtual				
15.3	341.01	0.5	0.4	virtual				
16	342.02	0.4	0.4					
16.1	343.05	0.4	0.5	virtual				
16.3	345.1	0.5	0.4	virtual				
17	346.12	0.4	0.5					
18	350.2	0.5	0.5					
18.2	352.23	0.5	0.4	virtual				
18.3	353.24	0.4	0.4	virtual				
19	354.25	0.4	0.4					
19.1	355.26	0.4	0.5	virtual				
20	358.3	0.5	0.5					
21	362.37	0.5	0.5					
22	366.41	0.5	0.5					
23	370.48	0.5	0.5					
24	374.55	0.5	0.4	virtual				
Marker Name	Y-GATA-H4							
7	376	0.4	0.5	virtual				
8	380.14	0.5	0.5					
9	384.28	0.5	0.5					
10	388.33	0.5	0.5					
11	392.47	0.5	0.5					
11.2	394.5	0.5	0.4	virtual				
11.3	395.52	0.4	0.4	virtual				
12	396.53	0.4	0.5					
13	400.6	0.5	0.5					
14	404.64	0.5	0.4					
14.1	405.66	0.4	0.5	virtual				
15	408.7	0.5	0.4					
15.1	409.71	0.4	0.5	virtual				
16	412.73	0.5	0.5					
17	416.76	0.5	0.5					
18	420.8	0.5	0.5					
