Version	GMID-X v 1.0			
Chemistry Kit	PowerPlex_Fusion_POP7_Panels_IDX_v2.0			
BinSet Name	PowerPlex_Fusion_POP7_Bins_IDX_v2.0			
Panel Name	PowerPlex_Fusion_POP7_Panels_IDX_v2.0			
Marker Name	AMEL			
X	82.31	0.5	0.5	
Y	88.46	0.5	0.5	
Marker Name	D3S1358			
8	93.39	0.5	0.5	virtual
9	97.82	0.5	0.5	
10	102.25	0.5	0.5	
11	106.74	0.5	0.5	
12	111.2	0.5	0.5	
13	115.63	0.5	0.5	
14	120.02	0.5	0.5	
14.3	123.24	0.5	0.5	virtual
15	124.31	0.4	0.5	
15.1	125.38	0.4	0.5	virtual
15.2	126.45	0.4	0.5	virtual
15.3	127.52	0.4	0.5	virtual
16	128.59	0.4	0.5	
16.2	130.71	0.5	0.5	virtual
17	132.82	0.5	0.5	
17.1	133.89	0.4	0.5	virtual
17.2	134.95	0.4	0.5	virtual
18	137.08	0.5	0.5	
18.1	138.13	0.4	0.5	virtual
18.2	139.19	0.4	0.5	virtual
18.3	140.24	0.4	0.5	virtual
19	141.29	0.4	0.5	
20	145.51	0.5	0.5	
20.1	146.57	0.4	0.5	virtual
21	149.73	0.5	0.5	virtual
Marker Name	D1S1656			
8	156.08	0.5	0.5	virtual
9	160.12	0.5	0.5	
10	164.16	0.5	0.5	
11	168.22	0.5	0.5	
12	172.27	0.5	0.5	
13	176.38	0.5	0.5	
13.3	179.39	0.5	0.4	virtual
14	180.39	0.4	0.5	
14.3	183.48	0.5	0.4	
15	184.41	0.4	0.5	
15.3	187.49	0.5	0.4	
16	188.44	0.4	0.5	
16.2	190.49	0.5	0.4	virtual
16.3	191.52	0.4	0.4	
17	192.47	0.4	0.4	
17.1	193.5	0.4	0.5	virtual
17.3	195.57	0.5	0.4	
18	196.51	0.4	0.5	
18.3	199.58	0.5	0.4	
19	200.51	0.4	0.5	
19.3	203.58	0.5	0.5	
20.3	207.62	0.5	0.4	
21	208.63	0.4	0.5	virtual
Marker Name	D2S441			
8	211.77	0.5	0.5	
9	215.88	0.5	0.4	
9.1	216.91	0.4	0.5	virtual
10	219.98	0.5	0.4	
10.1	221	0.4	0.5	virtual
11	224.07	0.5	0.5	
11.3	227.12	0.5	0.4	
12	228.19	0.4	0.5	
12.3	231.3	0.5	0.4	virtual
13	232.34	0.4	0.4	
13.1	233.37	0.4	0.5	virtual
13.3	235.43	0.5	0.4	virtual
14	236.46	0.4	0.5	
14.3	239.54	0.5	0.4	virtual
15	240.57	0.4	0.5	
16	244.72	0.5	0.5	
17	248.83	0.5	0.5	
Marker Name	D10S1248			
8	252.59	0.5	0.5	
9	256.55	0.5	0.5	
10	260.53	0.5	0.5	
11	264.49	0.5	0.5	
12	268.48	0.5	0.5	
13	272.42	0.5	0.5	
14	276.35	0.5	0.5	
15	280.26	0.5	0.5	
16	284.16	0.5	0.5	
17	288.08	0.5	0.5	
18	291.97	0.5	0.5	
19	295.86	0.5	0.5	
Marker Name	D13S317			
5	300.35	0.5	0.5	
6	304.34	0.5	0.5	
7	308.36	0.5	0.5	
7.1	309.36	0.4	0.5	virtual
8	312.37	0.5	0.5	
8.1	313.37	0.4	0.5	virtual
9	316.38	0.5	0.5	
10	320.4	0.5	0.5	
11	324.42	0.5	0.5	
12	328.46	0.5	0.5	
12.3	331.48	0.5	0.5	virtual
13	332.48	0.4	0.5	
13.3	335.53	0.5	0.5	virtual
14	336.54	0.4	0.5	
15	340.59	0.5	0.5	
16	344.63	0.5	0.5	
17	348.67	0.5	0.5	
Marker Name	Penta E			
4	364.13	0.5	0.5	virtual
5	368.97	0.5	0.5	
6	373.81	0.5	0.5	
7	378.64	0.5	0.5	
8	383.51	0.5	0.5	
9	388.36	0.5	0.5	
10	393.19	0.5	0.5	
11	398.02	0.5	0.5	
11.4	401.84	0.5	0.5	virtual
12	402.8	0.4	0.5	
13	407.58	0.5	0.5	
14	412.35	0.5	0.5	
14.2	414.25	0.5	0.5	virtual
15	417.09	0.5	0.5	
15.2	419	0.5	0.5	virtual
16	421.87	0.5	0.5	
16.4	425.7	0.5	0.5	virtual
17	426.66	0.4	0.5	
17.4	430.52	0.5	0.5	virtual
18	431.48	0.4	0.5	
19	436.3	0.5	0.5	
20	441.11	0.5	0.5	
21	445.9	0.5	0.5	
22	450.67	0.5	0.5	
23	455.39	0.5	0.5	
24	460.06	0.5	0.5	
25	464.73	0.5	0.5	virtual
Marker Name	D16S539			
4	75.22	0.5	0.5	
5	79.78	0.5	0.5	
6	84.31	0.5	0.5	
7	88.78	0.5	0.5	
8	93.26	0.5	0.5	
8.3	96.59	0.5	0.4	virtual
9	97.7	0.4	0.5	
9.3	101.05	0.5	0.4	virtual
10	102.16	0.4	0.5	
10.3	105.52	0.5	0.4	virtual
11	106.64	0.4	0.5	
11.3	109.96	0.5	0.4	virtual
12	111.06	0.4	0.4	
12.1	112.17	0.4	0.4	virtual
12.2	113.28	0.4	0.5	virtual
13	115.49	0.5	0.5	
13.3	118.78	0.5	0.4	virtual
14	119.87	0.4	0.5	
15	124.13	0.5	0.5	
16	128.35	0.5	0.4	
Marker Name	D18S51			
7	132.65	0.4	0.5	
8	136.92	0.5	0.5	
9	141.18	0.5	0.5	
9.2	143.32	0.5	0.5	virtual
10	145.45	0.5	0.5	
10.2	147.53	0.5	0.5	
11	149.7	0.5	0.5	
11.2	151.82	0.5	0.5	virtual
12	153.93	0.5	0.5	
12.2	156.06	0.5	0.4	virtual
12.3	157.13	0.4	0.4	virtual
13	158.19	0.4	0.4	
13.1	159.23	0.4	0.4	virtual
13.2	160.27	0.4	0.4	
13.3	161.32	0.4	0.4	virtual
14	162.37	0.4	0.5	
14.2	164.46	0.5	0.5	virtual
15	166.54	0.5	0.5	
15.2	168.62	0.5	0.4	virtual
15.3	169.66	0.4	0.4	virtual
16	170.7	0.4	0.4	
16.1	171.74	0.4	0.4	virtual
16.2	172.77	0.4	0.4	virtual
16.3	173.81	0.4	0.4	virtual
17	174.84	0.4	0.5	
17.2	176.92	0.5	0.4	virtual
17.3	177.95	0.4	0.4	virtual
18	178.99	0.4	0.4	
18.1	180.02	0.4	0.4	virtual
18.2	181.05	0.4	0.5	virtual
19	183.11	0.5	0.5	
19.2	185.18	0.5	0.5	virtual
20	187.24	0.5	0.5	
20.2	189.32	0.5	0.5	virtual
21	191.4	0.5	0.4	
21.1	192.43	0.4	0.4	virtual
21.2	193.47	0.4	0.5	virtual
22	195.53	0.5	0.5	
22.2	197.6	0.5	0.5	virtual
23	199.66	0.5	0.5	
23.2	201.73	0.5	0.5	virtual
24	203.79	0.5	0.5	
24.2	205.85	0.5	0.5	virtual
25	207.9	0.5	0.5	
26	212.04	0.5	0.5	
27	216.21	0.5	0.5	
Marker Name	D2S1338			
10	223.23	0.5	0.5	
11	227.31	0.5	0.5	virtual
12	231.38	0.5	0.5	
13	235.47	0.5	0.5	virtual
14	239.55	0.5	0.5	
15	243.64	0.5	0.5	
16	247.74	0.5	0.5	
17	251.83	0.5	0.5	
18	255.93	0.5	0.5	
18.3	258.98	0.5	0.4	virtual
19	259.99	0.4	0.5	
19.3	263.06	0.5	0.4	virtual
20	264.08	0.4	0.5	
21	268.16	0.5	0.5	
22	272.26	0.5	0.5	
22.2	274.3	0.5	0.5	virtual
23	276.34	0.5	0.5	
23.2	278.35	0.5	0.4	virtual
23.3	279.36	0.4	0.4	virtual
24	280.36	0.4	0.5	
24.2	282.39	0.5	0.5	virtual
25	284.41	0.5	0.5	
26	288.43	0.5	0.5	
27	292.46	0.5	0.5	
28	296.48	0.5	0.5	
29	300.5	0.5	0.5	virtual
Marker Name	CSF1PO			
5	317.05	0.5	0.5	
6	321.06	0.5	0.5	
7	325.08	0.5	0.5	
7.3	328.1	0.5	0.5	virtual
8	329.1	0.4	0.5	
8.1	330.12	0.4	0.5	virtual
8.3	332.15	0.5	0.5	virtual
9	333.17	0.4	0.5	
9.1	334.18	0.4	0.5	virtual
10	337.22	0.5	0.5	
10.1	338.23	0.4	0.5	virtual
10.2	339.24	0.4	0.5	virtual
10.3	340.25	0.4	0.5	virtual
11	341.26	0.4	0.5	
11.1	342.27	0.4	0.5	virtual
11.3	344.28	0.5	0.5	virtual
12	345.29	0.4	0.5	
12.1	346.31	0.4	0.5	virtual
12.3	348.34	0.5	0.5	virtual
13	349.35	0.4	0.5	
13.3	352.37	0.5	0.5	virtual
14	353.37	0.4	0.5	
15	357.37	0.5	0.5	
16	361.41	0.5	0.5	
Marker Name	Penta D			
2.2	380.99	0.5	0.5	
3.2	386.22	0.5	0.5	
5	394.54	0.5	0.5	
6	399.73	0.5	0.5	
6.4	403.83	0.5	0.5	virtual
7	404.85	0.4	0.5	
7.4	408.96	0.5	0.5	virtual
8	409.99	0.4	0.5	
8.2	412.04	0.5	0.5	virtual
9	415.12	0.5	0.5	
9.2	417.18	0.5	0.5	virtual
9.4	419.24	0.5	0.5	virtual
10	420.27	0.4	0.5	
11	425.41	0.5	0.5	
11.1	426.46	0.4	0.5	virtual
11.2	427.51	0.4	0.5	virtual
12	430.65	0.5	0.5	
12.1	431.7	0.4	0.5	virtual
12.2	432.75	0.4	0.5	virtual
13	435.9	0.5	0.5	
13.4	440.09	0.5	0.5	virtual
14	441.14	0.4	0.5	
14.1	442.18	0.4	0.5	virtual
14.4	445.3	0.5	0.5	virtual
15	446.34	0.4	0.5	
16	451.53	0.5	0.5	
17	456.65	0.5	0.5	
18	461.77	0.5	0.5	virtual
Marker Name	TH01			
3	67.44	0.5	0.5	
4	72.13	0.5	0.5	
5	76.71	0.5	0.5	
5.3	80.04	0.5	0.4	virtual
6	81.15	0.4	0.4	
6.1	82.26	0.4	0.5	virtual
6.3	84.48	0.5	0.4	virtual
7	85.59	0.4	0.4	
7.1	86.69	0.4	0.5	virtual
7.3	88.9	0.5	0.4	virtual
8	90	0.4	0.5	
8.3	93.3	0.5	0.4	virtual
9	94.4	0.4	0.4	
9.1	95.48	0.4	0.5	virtual
9.3	97.64	0.5	0.4	
10	98.78	0.4	0.5	
10.3	102.09	0.5	0.4	virtual
11	103.19	0.4	0.5	
13.3	115.41	0.5	0.5	
Marker Name	vWA			
10	127.93	0.5	0.5	
11	132.25	0.5	0.5	
12	136.32	0.5	0.5	
13	140.43	0.5	0.5	
14	144.6	0.5	0.5	
15	148.74	0.5	0.5	
15.2	150.82	0.5	0.5	virtual
16	152.89	0.5	0.5	
16.1	153.92	0.4	0.5	virtual
17	156.99	0.5	0.5	
18	161.09	0.5	0.5	
18.2	163.12	0.5	0.5	virtual
18.3	164.13	0.4	0.5	virtual
19	165.14	0.4	0.5	
20	169.2	0.5	0.5	
21	173.22	0.5	0.5	
22	177.21	0.5	0.5	
23	181.29	0.5	0.5	
24	185.32	0.5	0.5	
25	189.35	0.5	0.5	virtual
Marker Name	D21S11			
23.2	203.62	0.5	0.5	virtual
23.3	204.62	0.4	0.5	virtual
24	205.62	0.4	0.5	
24.2	207.62	0.5	0.5	
24.3	208.62	0.4	0.5	virtual
25	209.62	0.4	0.5	
25.2	211.62	0.5	0.5	
25.3	212.64	0.4	0.5	virtual
26	213.65	0.4	0.5	
26.2	215.7	0.5	0.5	virtual
27	217.75	0.5	0.5	
27.1	218.74	0.4	0.5	virtual
27.2	219.73	0.4	0.5	virtual
28	221.71	0.5	0.5	
28.1	222.74	0.4	0.5	virtual
28.2	223.77	0.4	0.5	
28.3	224.76	0.4	0.5	virtual
29	225.75	0.4	0.5	
29.1	226.75	0.4	0.5	virtual
29.2	227.74	0.4	0.5	
29.3	228.76	0.4	0.5	virtual
30	229.78	0.4	0.5	
30.1	230.8	0.4	0.5	virtual
30.2	231.81	0.4	0.5	
30.3	232.81	0.4	0.5	virtual
31	233.81	0.4	0.5	
31.1	234.8	0.4	0.5	virtual
31.2	235.78	0.4	0.5	
31.3	236.84	0.4	0.5	virtual
32	237.89	0.4	0.5	
32.1	238.9	0.4	0.5	virtual
32.2	239.9	0.4	0.5	
32.3	240.94	0.4	0.5	virtual
33	241.98	0.4	0.5	
33.1	242.96	0.4	0.5	virtual
33.2	243.94	0.4	0.5	
33.3	244.94	0.4	0.5	virtual
34	245.93	0.4	0.5	
34.1	246.98	0.4	0.5	virtual
34.2	248.02	0.4	0.5	
34.3	248.98	0.4	0.5	virtual
35	249.93	0.4	0.5	
35.1	250.99	0.4	0.5	virtual
35.2	252.04	0.4	0.5	
36	254.08	0.5	0.5	
36.1	255.07	0.4	0.5	virtual
36.2	256.06	0.4	0.5	virtual
37	258.03	0.5	0.5	
37.2	260.04	0.5	0.5	virtual
38	262.05	0.5	0.5	
38.2	264.06	0.5	0.5	virtual
39	266.07	0.5	0.5	virtual
Marker Name	D7S820			
5	272.56	0.5	0.5	
5.2	274.59	0.5	0.5	virtual
6	276.62	0.5	0.5	
6.3	279.67	0.5	0.5	virtual
7	280.69	0.4	0.5	
7.1	281.7	0.4	0.5	virtual
7.3	283.73	0.5	0.5	virtual
8	284.74	0.4	0.5	
8.1	285.75	0.4	0.5	virtual
8.2	286.76	0.4	0.5	virtual
8.3	287.77	0.4	0.5	virtual
9	288.78	0.4	0.5	
9.1	289.79	0.4	0.5	virtual
9.2	290.8	0.4	0.5	virtual
9.3	291.81	0.4	0.5	virtual
10	292.82	0.4	0.5	
10.1	293.83	0.4	0.5	virtual
10.3	295.85	0.5	0.5	virtual
11	296.86	0.4	0.5	
11.1	297.87	0.4	0.5	virtual
11.2	298.88	0.4	0.5	virtual
11.3	299.89	0.4	0.5	virtual
12	300.9	0.4	0.5	
12.1	301.91	0.4	0.5	virtual
12.3	303.94	0.5	0.5	virtual
13	304.95	0.4	0.5	
13.1	305.97	0.4	0.5	virtual
14	309.01	0.5	0.5	
14.1	310.03	0.4	0.5	virtual
15	313.07	0.5	0.5	
16	317.14	0.5	0.5	
Marker Name	D5S818			
5	320.71	0.5	0.5	virtual
6	324.73	0.5	0.5	
7	328.75	0.5	0.5	
8	332.8	0.5	0.5	
9	336.85	0.5	0.5	
10	340.87	0.5	0.5	
10.1	341.88	0.4	0.5	virtual
11	344.9	0.5	0.5	
11.1	345.91	0.4	0.5	virtual
12	348.95	0.5	0.5	
12.1	349.95	0.4	0.5	virtual
12.3	351.94	0.5	0.5	virtual
13	352.94	0.4	0.5	
14	356.95	0.5	0.5	
15	360.95	0.5	0.5	
16	364.99	0.5	0.5	
17	368.97	0.5	0.5	
18	372.98	0.5	0.5	
19	376.99	0.5	0.5	virtual
Marker Name	TPOX			
4	396.08	0.5	0.5	
5	400.13	0.5	0.5	
6	404.12	0.5	0.5	
7	408.13	0.5	0.4	
7.1	409.13	0.4	0.5	virtual
7.3	411.12	0.5	0.4	virtual
8	412.12	0.4	0.5	
9	416.11	0.5	0.5	
10	420.13	0.5	0.4	
10.1	421.13	0.4	0.5	virtual
10.3	423.14	0.5	0.4	virtual
11	424.14	0.4	0.5	
12	428.16	0.5	0.5	
13	432.25	0.5	0.5	
14	436.33	0.5	0.5	
15	440.39	0.5	0.5	
16	444.44	0.5	0.5	
Marker Name	DYS391			
5	448.84	0.5	0.5	
6	452.86	0.5	0.5	
7	456.86	0.5	0.5	
8	460.88	0.5	0.5	
8.3	463.87	0.5	0.5	virtual
9	464.87	0.4	0.5	
10	468.87	0.5	0.5	
11	472.87	0.5	0.5	
12	476.87	0.5	0.5	
13	480.92	0.5	0.5	
14	484.97	0.5	0.5	
15	489.05	0.5	0.5	
16	493.12	0.5	0.5	
Marker Name	D8S1179			
6	69.67	0.5	0.5	virtual
7	74.21	0.5	0.5	
8	78.75	0.5	0.5	
9	83.24	0.5	0.5	
10	87.74	0.5	0.5	
11	92.19	0.5	0.5	
12	96.64	0.5	0.5	
12.3	100.04	0.5	0.4	virtual
13	101.17	0.4	0.5	
13.2	103.42	0.5	0.4	virtual
13.3	104.55	0.4	0.4	virtual
14	105.67	0.4	0.4	
14.1	106.79	0.4	0.5	virtual
15	110.13	0.5	0.4	
15.1	111.24	0.4	0.5	virtual
15.3	113.46	0.5	0.4	virtual
16	114.57	0.4	0.5	
17	119.06	0.5	0.5	
18	123.26	0.5	0.5	
19	127.65	0.5	0.5	
Marker Name	D12S391			
14	137.58	0.5	0.5	
15	141.75	0.5	0.5	
16	145.94	0.5	0.5	
17	150.1	0.5	0.5	
17.1	151.13	0.4	0.5	virtual
17.3	153.18	0.5	0.5	
18	154.29	0.4	0.5	
18.1	155.31	0.4	0.5	virtual
18.3	157.34	0.5	0.5	
19	158.44	0.4	0.5	
19.1	159.47	0.4	0.5	virtual
19.3	161.54	0.5	0.5	virtual
20	162.57	0.4	0.5	
20.1	163.59	0.4	0.5	virtual
20.3	165.64	0.5	0.5	virtual
21	166.66	0.4	0.5	
21.3	169.75	0.5	0.5	virtual
22	170.78	0.4	0.5	
22.3	173.95	0.5	0.5	virtual
23	175	0.4	0.5	
24	179.08	0.5	0.5	
24.3	182.1	0.5	0.5	virtual
25	183.1	0.4	0.5	
26	187.23	0.5	0.5	
27	191.31	0.5	0.5	
Marker Name	D19S433			
5.2	195.14	0.5	0.5	
6	197.12	0.5	0.5	virtual
6.2	199.1	0.5	0.5	
7	201.06	0.5	0.5	virtual
8	204.99	0.5	0.5	
8.2	206.96	0.5	0.5	virtual
9	208.92	0.5	0.5	
9.2	210.9	0.5	0.5	virtual
10	212.87	0.5	0.5	
10.2	214.84	0.5	0.5	virtual
11	216.81	0.5	0.4	
11.1	217.8	0.4	0.4	virtual
11.2	218.79	0.4	0.5	virtual
12	220.77	0.5	0.4	
12.1	221.77	0.4	0.4	virtual
12.2	222.77	0.4	0.5	
13	224.71	0.5	0.4	
13.1	225.71	0.4	0.4	virtual
13.2	226.7	0.4	0.5	
14	228.66	0.5	0.4	
14.1	229.66	0.4	0.4	virtual
14.2	230.65	0.4	0.4	
14.3	231.64	0.4	0.4	virtual
15	232.63	0.4	0.5	
15.2	234.63	0.5	0.5	
16	236.59	0.5	0.4	
16.1	237.6	0.4	0.4	virtual
16.2	238.6	0.4	0.5	
17	240.55	0.5	0.5	
17.2	242.54	0.5	0.5	
18	244.51	0.5	0.5	
18.1	245.51	0.4	0.4	virtual
18.2	246.51	0.5	0.5	
19	248.51	0.5	0.5	virtual
19.2	250.51	0.5	0.5	virtual
Marker Name	FGA			
12.2	262.53	0.5	0.5	virtual
13	264.44	0.5	0.5	virtual
14	268.27	0.5	0.5	
15	272.1	0.5	0.5	
16	275.93	0.5	0.4	
16.1	276.88	0.4	0.4	virtual
16.2	277.84	0.4	0.5	virtual
17	279.74	0.5	0.5	
17.2	281.63	0.5	0.5	virtual
18	283.52	0.5	0.5	
18.2	285.36	0.5	0.5	
19	287.3	0.5	0.4	
19.1	288.22	0.4	0.4	virtual
19.2	289.13	0.4	0.4	
19.3	290.1	0.4	0.4	virtual
20	291.07	0.4	0.4	
20.1	291.99	0.4	0.4	virtual
20.2	292.91	0.4	0.4	
20.3	293.88	0.4	0.4	virtual
21	294.85	0.4	0.4	
21.1	295.77	0.4	0.4	virtual
21.2	296.68	0.4	0.4	
21.3	297.65	0.4	0.4	virtual
22	298.62	0.4	0.4	
22.1	299.54	0.4	0.4	virtual
22.2	300.46	0.4	0.4	
22.3	301.44	0.4	0.4	virtual
23	302.41	0.4	0.4	
23.1	303.33	0.4	0.4	virtual
23.2	304.25	0.4	0.4	
23.3	305.22	0.4	0.4	virtual
24	306.19	0.4	0.4	
24.1	307.12	0.4	0.4	virtual
24.2	308.05	0.4	0.4	
24.3	309.03	0.4	0.4	virtual
25	310.01	0.4	0.4	
25.1	310.93	0.4	0.4	virtual
25.2	311.84	0.4	0.4	
25.3	312.81	0.4	0.4	virtual
26	313.78	0.4	0.4	
26.1	314.74	0.4	0.4	virtual
26.2	315.7	0.4	0.4	virtual
26.3	316.65	0.4	0.4	virtual
27	317.61	0.4	0.5	
27.2	319.56	0.5	0.4	virtual
27.3	320.54	0.4	0.4	virtual
28	321.51	0.4	0.5	
28.2	323.43	0.5	0.4	virtual
28.3	324.38	0.4	0.4	virtual
29	325.34	0.4	0.4	
29.1	326.3	0.4	0.4	virtual
29.2	327.25	0.4	0.5	virtual
30	329.16	0.5	0.5	
30.2	331.21	0.5	0.5	virtual
31	333.25	0.5	0.5	virtual
31.2	335.3	0.5	0.5	
32	337.22	0.5	0.5	virtual
32.2	339.14	0.5	0.5	
33.2	342.98	0.5	0.5	
34.2	346.82	0.5	0.5	virtual
41.2	373.99	0.5	0.5	virtual
42.2	377.9	0.5	0.5	
43.2	381.81	0.5	0.5	
44.2	385.55	0.5	0.5	
45.2	389.4	0.5	0.5	
46.2	393.09	0.5	0.5	
47.2	396.89	0.5	0.5	virtual
48.2	400.69	0.5	0.5	
49.2	404.54	0.5	0.5	virtual
50.2	408.39	0.5	0.5	
51.2	412.24	0.5	0.5	virtual
Marker Name	D22S1045			
6	428.22	0.5	0.5	virtual
7	431.33	0.5	0.5	
8	434.44	0.5	0.5	
9	437.58	0.5	0.5	
10	440.67	0.5	0.5	
11	443.8	0.5	0.5	
12	446.88	0.5	0.5	
13	449.98	0.5	0.5	
14	453.03	0.5	0.5	
15	456.06	0.5	0.5	
16	459.1	0.5	0.5	
17	462.13	0.5	0.5	
18	465.17	0.5	0.5	
19	468.2	0.5	0.5	
20	471.23	0.5	0.5	
