Version	GMID-X v 1.0			
Chemistry Kit	PowerPlex_ESX_Panels_IDX_v3.0			
BinSet Name	PowerPlex_ESX_Bins_IDX_v3.0			
Panel Name	PowerPlex_ESX_16_IDX_v3.0			
Marker Name	AMEL			
1	77.02	0.5	0.5	
2	83.24	0.5	0.5	
Marker Name	D3S1358			
8	90.21	0.5	0.5	virtual
9	94.5	0.5	0.5	
10	98.79	0.5	0.5	
11	103.14	0.5	0.5	
12	107.52	0.5	0.5	
13	111.87	0.5	0.5	
14	116.22	0.5	0.5	
14.3	119.47	0.5	0.4	virtual
15	120.55	0.4	0.4	
15.1	121.61	0.4	0.4	virtual
15.2	122.68	0.4	0.4	virtual
15.3	123.74	0.4	0.4	virtual
16	124.8	0.4	0.5	
16.2	126.92	0.5	0.5	virtual
17	129.04	0.5	0.4	
17.1	130.11	0.4	0.4	virtual
17.2	131.18	0.4	0.5	virtual
18	133.31	0.5	0.4	
18.1	134.36	0.4	0.4	virtual
18.2	135.4	0.4	0.4	virtual
18.3	136.45	0.4	0.4	virtual
19	137.49	0.4	0.5	
20	141.67	0.5	0.4	
20.1	142.72	0.4	0.5	virtual
Marker Name	TH01			
3	147.26	0.5	0.5	
4	151.36	0.5	0.5	
5	155.45	0.5	0.5	
5.3	158.5	0.5	0.4	virtual
6	159.52	0.4	0.4	
6.1	160.54	0.4	0.5	virtual
6.3	162.57	0.5	0.4	virtual
7	163.58	0.4	0.4	
7.1	164.59	0.4	0.5	virtual
7.3	166.62	0.5	0.4	virtual
8	167.63	0.4	0.5	
8.3	170.65	0.5	0.4	virtual
9	171.66	0.4	0.4	
9.1	172.66	0.4	0.5	virtual
9.3	174.66	0.5	0.4	
10	175.67	0.4	0.5	
10.3	178.69	0.5	0.4	virtual
11	179.69	0.4	0.5	
13.3	190.82	0.5	0.5	
Marker Name	D21S11			
23.2	196.59	0.5	0.4	virtual
23.3	197.62	0.4	0.4	virtual
24	198.64	0.4	0.5	
24.2	200.69	0.5	0.4	
24.3	201.7	0.4	0.4	virtual
25	202.71	0.4	0.5	
25.2	204.74	0.5	0.4	
25.3	205.76	0.4	0.4	virtual
26	206.77	0.4	0.5	
26.2	208.82	0.5	0.5	virtual
27	210.86	0.5	0.4	
27.1	211.87	0.4	0.4	virtual
27.2	212.88	0.4	0.5	virtual
28	214.9	0.5	0.4	
28.1	215.92	0.4	0.4	virtual
28.2	216.94	0.4	0.4	
28.3	217.95	0.4	0.4	virtual
29	218.96	0.4	0.4	
29.1	219.97	0.4	0.4	virtual
29.2	220.98	0.4	0.4	
29.3	222.01	0.4	0.4	virtual
30	223.04	0.4	0.4	
30.1	224.05	0.4	0.4	virtual
30.2	225.05	0.4	0.4	
30.3	226.09	0.4	0.4	virtual
31	227.12	0.4	0.4	
31.1	228.12	0.4	0.4	virtual
31.2	229.12	0.4	0.4	
31.3	230.17	0.4	0.4	virtual
32	231.22	0.4	0.4	
32.1	232.24	0.4	0.4	virtual
32.2	233.26	0.4	0.4	
32.3	234.32	0.4	0.4	virtual
33	235.38	0.4	0.4	
33.1	236.37	0.4	0.4	virtual
33.2	237.36	0.4	0.4	
33.3	238.39	0.4	0.4	virtual
34	239.42	0.4	0.4	
34.1	240.44	0.4	0.4	virtual
34.2	241.46	0.4	0.4	
34.3	242.49	0.4	0.4	virtual
35	243.51	0.4	0.4	
35.1	244.53	0.4	0.4	virtual
35.2	245.55	0.4	0.5	
36	247.66	0.5	0.4	
36.1	248.67	0.4	0.4	virtual
36.2	249.69	0.4	0.5	virtual
37	251.71	0.5	0.5	
37.2	253.78	0.5	0.5	virtual
38	255.84	0.5	0.5	
38.2	257.91	0.5	0.5	virtual
39	259.97	0.5	0.5	virtual
Marker Name	D18S51			
7	281.43	0.5	0.5	
8	285.28	0.5	0.5	
9	289.15	0.5	0.5	
9.2	291.08	0.5	0.5	virtual
10	293.01	0.5	0.5	
10.2	294.95	0.5	0.5	
11	296.87	0.5	0.5	
11.2	298.8	0.5	0.5	virtual
12	300.72	0.5	0.5	
12.2	302.67	0.5	0.4	virtual
12.3	303.65	0.4	0.4	virtual
13	304.62	0.4	0.4	
13.1	305.61	0.4	0.4	virtual
13.2	306.59	0.4	0.4	
13.3	307.56	0.4	0.4	virtual
14	308.53	0.4	0.5	
14.2	310.48	0.5	0.5	virtual
15	312.42	0.5	0.5	
15.2	314.38	0.5	0.4	virtual
15.3	315.36	0.4	0.4	virtual
16	316.34	0.4	0.4	
16.1	317.32	0.4	0.4	virtual
16.2	318.31	0.4	0.4	virtual
16.3	319.29	0.4	0.4	virtual
17	320.27	0.4	0.5	
17.2	322.24	0.5	0.4	virtual
17.3	323.22	0.4	0.4	virtual
18	324.2	0.4	0.4	
18.1	325.19	0.4	0.4	virtual
18.2	326.18	0.4	0.5	virtual
19	328.16	0.5	0.5	
19.2	330.14	0.5	0.5	virtual
20	332.11	0.5	0.5	
20.2	334.1	0.5	0.5	virtual
21	336.08	0.5	0.4	
21.1	337.07	0.4	0.4	virtual
21.2	338.06	0.4	0.5	virtual
22	340.03	0.5	0.5	
22.2	342	0.5	0.5	virtual
23	343.97	0.5	0.5	
23.2	345.95	0.5	0.5	virtual
24	347.93	0.5	0.5	
24.2	349.88	0.5	0.5	virtual
25	351.83	0.5	0.5	
26	355.71	0.5	0.5	
27	359.57	0.5	0.5	
Marker Name	D10S1248			
8	71.67	0.5	0.5	
9	76.11	0.5	0.5	
10	80.47	0.5	0.5	
11	84.84	0.5	0.5	
12	89.16	0.5	0.5	
13	93.49	0.5	0.5	
14	97.8	0.5	0.5	
15	102.14	0.5	0.5	
16	106.51	0.5	0.5	
17	110.88	0.5	0.5	
18	115.22	0.5	0.5	
19	119.55	0.5	0.5	
Marker Name	D1S1656			
8	124.38	0.5	0.5	virtual
9	128.62	0.5	0.5	
10	132.86	0.5	0.5	
11	137.09	0.5	0.5	
12	141.28	0.5	0.5	
13	145.45	0.5	0.5	
13.3	148.61	0.5	0.4	virtual
14	149.66	0.4	0.5	
14.3	152.76	0.5	0.4	
15	153.84	0.4	0.5	
15.3	156.94	0.5	0.4	
16	158.02	0.4	0.5	
16.2	160.08	0.5	0.4	virtual
16.3	161.11	0.4	0.4	
17	162.17	0.4	0.5	
17.1	163.19	0.4	0.5	virtual
17.3	165.23	0.5	0.4	
18	166.3	0.4	0.5	
18.3	169.36	0.5	0.4	
19	170.42	0.4	0.5	
19.3	173.45	0.5	0.5	
20.3	177.56	0.5	0.4	
21	178.59	0.5	0.5	virtual
Marker Name	D2S1338			
10	191.58	0.5	0.5	
11	195.57	0.5	0.5	virtual
12	199.56	0.5	0.5	
13	203.56	0.5	0.5	virtual
14	207.55	0.5	0.5	
15	211.55	0.5	0.5	
16	215.55	0.5	0.5	
17	219.56	0.5	0.5	
18	223.58	0.5	0.5	
18.3	226.59	0.5	0.4	virtual
19	227.59	0.4	0.5	
19.3	230.65	0.5	0.4	virtual
20	231.67	0.4	0.5	
21	235.69	0.5	0.5	
22	239.72	0.5	0.5	
22.2	241.73	0.5	0.5	virtual
23	243.74	0.5	0.5	
23.2	245.77	0.5	0.4	virtual
23.3	246.78	0.4	0.4	virtual
24	247.79	0.4	0.5	
24.2	249.82	0.5	0.5	virtual
25	251.84	0.5	0.5	
26	255.9	0.5	0.5	
27	259.93	0.5	0.5	
28	263.94	0.5	0.5	
Marker Name	D16S539			
4	269.54	0.5	0.5	
5	273.62	0.5	0.5	
6	277.64	0.5	0.5	
7	281.66	0.5	0.5	
8	285.66	0.5	0.5	
8.3	288.65	0.5	0.4	virtual
9	289.65	0.4	0.5	
9.3	292.66	0.5	0.4	virtual
10	293.66	0.4	0.5	
10.3	296.66	0.5	0.4	virtual
11	297.66	0.4	0.5	
11.3	300.68	0.5	0.4	virtual
12	301.68	0.4	0.4	
12.1	302.69	0.4	0.4	virtual
12.2	303.7	0.4	0.5	virtual
13	305.72	0.5	0.5	
13.3	308.75	0.5	0.4	virtual
14	309.76	0.4	0.5	
15	313.83	0.5	0.5	
16	317.9	0.5	0.5	
Marker Name	D22S1045			
6	70.15	0.5	0.5	virtual
7	73.35	0.5	0.5	
8	76.55	0.5	0.5	
9	79.73	0.5	0.5	
10	82.9	0.5	0.5	
11	86.07	0.5	0.5	
12	89.26	0.5	0.5	
13	92.42	0.5	0.5	
14	95.59	0.5	0.5	
15	98.74	0.5	0.5	
16	101.94	0.5	0.5	
17	105.17	0.5	0.5	
18	108.38	0.5	0.5	
19	111.57	0.5	0.5	
20	114.78	0.5	0.5	
Marker Name	vWA			
10	122.46	0.5	0.5	
11	126.79	0.5	0.5	
12	130.92	0.5	0.5	
13	135.1	0.5	0.5	
14	139.26	0.5	0.5	
15	143.43	0.5	0.5	
15.2	145.52	0.5	0.5	virtual
16	147.6	0.5	0.4	
16.1	148.64	0.4	0.5	virtual
17	151.75	0.5	0.5	
18	155.88	0.5	0.5	
18.2	157.95	0.5	0.4	virtual
18.3	158.98	0.4	0.4	virtual
19	160.01	0.4	0.5	
20	164.09	0.5	0.5	
21	168.17	0.5	0.5	
22	172.21	0.5	0.5	
23	176.32	0.5	0.5	
24	180.37	0.5	0.5	
25	184.42	0.5	0.5	virtual
Marker Name	D8S1179			
6	199.14	0.5	0.5	virtual
7	203.21	0.5	0.5	
8	207.28	0.5	0.5	
9	211.33	0.5	0.5	
10	215.39	0.5	0.5	
11	219.45	0.5	0.5	
12	223.51	0.5	0.5	
12.3	226.55	0.5	0.4	virtual
13	227.56	0.4	0.5	
13.2	229.61	0.5	0.4	virtual
13.3	230.64	0.4	0.4	virtual
14	231.66	0.4	0.4	
14.1	232.68	0.4	0.5	virtual
15	235.75	0.5	0.4	
15.1	236.77	0.4	0.5	virtual
15.3	238.81	0.5	0.4	virtual
16	239.83	0.4	0.5	
17	243.9	0.5	0.5	
18	248.04	0.5	0.5	
19	252.12	0.5	0.5	
20	256.2	0.5	0.5	virtual
Marker Name	FGA			
12.2	258.75	0.5	0.5	virtual
13	260.73	0.5	0.5	virtual
14	264.7	0.5	0.5	
15	268.67	0.5	0.5	
16	272.59	0.5	0.4	
16.1	273.56	0.4	0.4	virtual
16.2	274.54	0.4	0.5	virtual
17	276.48	0.5	0.5	
17.2	278.42	0.5	0.5	virtual
18	280.36	0.5	0.5	
18.2	282.25	0.5	0.5	
19	284.22	0.5	0.4	
19.1	285.17	0.4	0.4	virtual
19.2	286.11	0.4	0.4	
19.3	287.09	0.4	0.4	virtual
20	288.07	0.4	0.4	
20.1	289.02	0.4	0.4	virtual
20.2	289.97	0.4	0.4	
20.3	290.95	0.4	0.4	virtual
21	291.93	0.4	0.4	
21.1	292.88	0.4	0.4	virtual
21.2	293.82	0.4	0.4	
21.3	294.8	0.4	0.4	virtual
22	295.77	0.4	0.4	
22.1	296.73	0.4	0.4	virtual
22.2	297.68	0.4	0.4	
22.3	298.65	0.4	0.4	virtual
23	299.62	0.4	0.4	
23.1	300.58	0.4	0.4	virtual
23.2	301.53	0.4	0.4	
23.3	302.52	0.4	0.4	virtual
24	303.51	0.4	0.4	
24.1	304.48	0.4	0.4	virtual
24.2	305.44	0.4	0.4	
24.3	306.42	0.4	0.4	virtual
25	307.4	0.4	0.4	
25.1	308.37	0.4	0.4	virtual
25.2	309.34	0.4	0.4	
25.3	310.33	0.4	0.4	virtual
26	311.31	0.4	0.4	
26.1	312.29	0.4	0.4	virtual
26.2	313.27	0.4	0.4	virtual
26.3	314.25	0.4	0.4	virtual
27	315.23	0.4	0.5	
27.2	317.22	0.5	0.4	virtual
27.3	318.22	0.4	0.4	virtual
28	319.21	0.4	0.5	
28.2	321.17	0.5	0.4	virtual
28.3	322.15	0.4	0.4	virtual
29	323.13	0.4	0.4	
29.1	324.12	0.4	0.4	virtual
29.2	325.12	0.4	0.5	virtual
30	327.1	0.5	0.5	
30.2	329.14	0.5	0.5	virtual
31	331.19	0.5	0.5	virtual
31.2	333.23	0.5	0.5	
32	335.21	0.5	0.5	virtual
32.2	337.19	0.5	0.5	
33.2	341.14	0.5	0.5	
34.2	345.09	0.5	0.5	virtual
41.2	372.57	0.5	0.5	virtual
42.2	376.54	0.5	0.5	
43.2	380.51	0.5	0.5	
44.2	384.37	0.5	0.5	
45.2	388.31	0.5	0.5	
46.2	392.16	0.5	0.5	
47.2	396.07	0.5	0.5	virtual
48.2	399.98	0.5	0.5	
49.2	403.84	0.5	0.5	virtual
50.2	407.7	0.5	0.5	
51.2	411.56	0.5	0.5	virtual
Marker Name	D2S441			
8	83.74	0.5	0.5	
9	88.1	0.5	0.4	
9.1	89.18	0.4	0.5	virtual
10	92.43	0.5	0.4	
10.1	93.51	0.4	0.5	virtual
11	96.74	0.5	0.5	
11.3	99.95	0.5	0.4	
12	101.09	0.4	0.5	
12.3	104.38	0.5	0.4	virtual
13	105.47	0.4	0.4	
13.1	106.56	0.4	0.5	virtual
13.3	108.75	0.5	0.4	virtual
14	109.84	0.4	0.5	
14.3	113.12	0.5	0.4	virtual
15	114.21	0.4	0.5	
16	118.57	0.5	0.5	
17	122.83	0.5	0.5	
Marker Name	D12S391			
13	126.41	0.5	0.5	virtual
14	130.59	0.5	0.5	
15	134.77	0.5	0.5	
16	138.93	0.5	0.5	
17	143.11	0.5	0.5	
17.1	144.14	0.4	0.5	virtual
17.3	146.19	0.5	0.5	
18	147.27	0.4	0.5	
18.1	148.3	0.4	0.5	virtual
18.3	150.36	0.5	0.5	
19	151.43	0.4	0.5	
19.1	152.47	0.4	0.5	virtual
19.3	154.55	0.5	0.5	virtual
20	155.59	0.4	0.5	
20.1	156.63	0.4	0.5	virtual
20.3	158.7	0.5	0.5	virtual
21	159.73	0.4	0.5	
21.3	162.82	0.5	0.5	virtual
22	163.85	0.4	0.5	
22.3	167.02	0.5	0.5	virtual
23	168.07	0.4	0.5	
24	172.16	0.5	0.5	
24.3	175.18	0.5	0.5	virtual
25	176.19	0.4	0.5	
26	180.31	0.5	0.5	
27	184.38	0.5	0.5	
Marker Name	D19S433			
5.2	192.77	0.5	0.5	
6	194.77	0.5	0.5	virtual
6.2	196.77	0.5	0.5	
7	198.76	0.5	0.5	virtual
8	202.75	0.5	0.5	
8.2	204.75	0.5	0.5	virtual
9	206.75	0.5	0.5	
9.2	208.75	0.5	0.5	virtual
10	210.75	0.5	0.5	
10.2	212.76	0.5	0.5	virtual
11	214.76	0.5	0.4	
11.1	215.76	0.4	0.4	virtual
11.2	216.76	0.4	0.5	virtual
12	218.76	0.5	0.4	
12.1	219.77	0.4	0.4	virtual
12.2	220.78	0.4	0.5	
13	222.77	0.5	0.4	
13.1	223.78	0.4	0.4	virtual
13.2	224.79	0.4	0.5	
14	226.79	0.5	0.4	
14.1	227.81	0.4	0.4	virtual
14.2	228.82	0.4	0.4	
14.3	229.82	0.4	0.4	virtual
15	230.82	0.4	0.5	
15.2	232.87	0.5	0.5	
16	234.85	0.5	0.4	
16.1	235.87	0.4	0.4	virtual
16.2	236.88	0.4	0.5	
17	238.89	0.5	0.5	
17.2	240.93	0.5	0.5	
18	242.92	0.5	0.5	
18.1	243.94	0.4	0.4	virtual
18.2	244.95	0.5	0.5	
19	246.98	0.5	0.5	virtual
19.2	249.01	0.5	0.5	virtual
