Version	GMID-X v 1.0			
Chemistry Kit	PowerPlex_21_Panels_IDX_v1.1			
BinSet Name	PowerPlex_21_Bins_IDX_v1.1			
Panel Name	PowerPlex_21_IDX_v1.1			
Marker Name	AMEL			
1	83.88	0.5	0.5	
2	89.63	0.5	0.5	
Marker Name	D3S1358			
8	93.92	0.5	0.5	virtual
9	98.07	0.5	0.5	
10	102.18	0.5	0.5	
11	106.33	0.5	0.5	
12	110.47	0.5	0.5	
13	114.61	0.5	0.5	
14	118.76	0.5	0.5	
15	122.87	0.5	0.5	
15.2	124.91	0.5	0.5	virtual
16	126.95	0.5	0.5	
17	131.04	0.5	0.4	
17.1	132.13	0.5	0.5	virtual
18	135.16	0.5	0.5	
19	139.21	0.5	0.5	
20	143.31	0.5	0.4	
20.1	144.33	0.5	0.5	virtual
21	147.38	0.5	0.5	virtual
Marker Name	D1S1656			
8	153.57	0.5	0.5	virtual
9	157.58	0.5	0.5	
10	161.61	0.5	0.5	
11	165.61	0.5	0.5	
12	169.62	0.5	0.5	
13	173.67	0.5	0.5	
13.3	176.66	0.5	0.4	virtual
14	177.65	0.5	0.5	
14.3	180.7	0.5	0.4	
15	181.63	0.5	0.5	
15.3	184.68	0.5	0.4	
16	185.61	0.5	0.5	
16.3	188.66	0.5	0.4	
17	189.61	0.5	0.4	
17.1	190.6	0.5	0.5	virtual
17.3	192.66	0.5	0.4	
18	193.6	0.5	0.5	
18.3	196.65	0.5	0.4	
19	197.59	0.5	0.5	
19.3	200.63	0.5	0.5	
20.3	204.64	0.5	0.4	
21	205.64	0.4	0.5	virtual
Marker Name	D6S1043			
6	207.47	0.5	0.5	virtual
7	211.46	0.5	0.5	
8	215.45	0.5	0.5	
9	219.44	0.5	0.5	
10	223.48	0.5	0.5	
11	227.5	0.5	0.5	
12	231.57	0.5	0.5	
12.3	234.61	0.5	0.4	virtual
13	235.62	0.5	0.5	
14	239.66	0.5	0.5	
15	243.71	0.5	0.5	
16	247.79	0.5	0.5	
17	251.85	0.5	0.5	
17.2	253.89	0.5	0.4	virtual
17.3	254.92	0.5	0.4	virtual
18	255.93	0.5	0.5	
18.2	257.97	0.5	0.5	virtual
19	260.01	0.5	0.5	
19.2	262.03	0.5	0.4	virtual
19.3	263.04	0.5	0.4	virtual
20	264.05	0.5	0.5	
20.3	267.09	0.5	0.4	virtual
21	268.1	0.5	0.5	
21.3	271.14	0.5	0.4	virtual
22	272.15	0.5	0.5	
22.3	275.16	0.5	0.4	virtual
23	276.16	0.5	0.5	
23.3	279.15	0.5	0.4	virtual
24	280.14	0.5	0.5	
24.3	283.14	0.5	0.4	virtual
25	284.12	0.5	0.5	
26	288.11	0.5	0.5	virtual
Marker Name	D13S317			
5	297.13	0.5	0.5	
6	301.11	0.5	0.5	
7	305.13	0.5	0.4	
7.1	306.14	0.5	0.5	virtual
8	309.15	0.5	0.4	
8.1	310.16	0.5	0.5	virtual
9	313.17	0.5	0.5	
10	317.17	0.5	0.5	
11	321.22	0.5	0.5	
12	325.21	0.5	0.5	
12.3	328.3	0.5	0.4	virtual
13	329.33	0.5	0.5	
13.3	332.39	0.5	0.4	virtual
14	333.41	0.5	0.5	
15	337.47	0.5	0.5	
16	341.52	0.5	0.5	
17	345.61	0.5	0.5	
Marker Name	Penta E			
4	360.74	0.5	0.5	virtual
5	365.52	0.5	0.5	
6	370.33	0.5	0.5	
7	375.09	0.5	0.5	
8	380	0.5	0.5	
9	384.89	0.5	0.5	
10	389.75	0.5	0.5	
11	394.63	0.5	0.5	
11.4	398.52	0.5	0.4	virtual
12	399.49	0.5	0.5	
13	404.28	0.5	0.5	
14	409.06	0.5	0.5	
14.2	410.96	0.5	0.5	virtual
15	413.83	0.5	0.5	
15.2	415.73	0.5	0.5	virtual
16	418.59	0.5	0.5	
16.4	422.45	0.5	0.4	virtual
17	423.41	0.5	0.5	
17.4	427.34	0.5	0.4	virtual
18	428.33	0.5	0.5	
19	433.32	0.5	0.5	
20	438.3	0.5	0.5	
21	443.22	0.5	0.5	
22	448.24	0.5	0.5	
23	453.09	0.5	0.5	
24	457.86	0.5	0.5	
25	462.8	0.5	0.5	virtual
Marker Name	D16S539			
4	77.97	0.5	0.5	
5	82.04	0.5	0.5	
6	86.12	0.5	0.5	
7	90.21	0.5	0.5	
8	94.31	0.5	0.5	
9	98.42	0.5	0.5	
9.3	101.54	0.5	0.4	virtual
10	102.57	0.5	0.5	
11	106.75	0.5	0.5	
11.3	109.87	0.5	0.4	virtual
12	110.92	0.5	0.4	
12.1	111.92	0.5	0.5	virtual
13	115.09	0.5	0.5	
13.3	118.21	0.5	0.4	virtual
14	119.26	0.5	0.5	
15	123.37	0.5	0.5	
16	127.44	0.5	0.4	
Marker Name	D18S51			
7	130.54	0.4	0.5	
8	134.62	0.5	0.5	
9	138.71	0.5	0.5	
9.2	140.75	0.5	0.5	virtual
10	142.79	0.5	0.5	
10.2	144.83	0.5	0.5	
11	146.88	0.5	0.5	
11.2	148.93	0.5	0.5	virtual
12	150.98	0.5	0.5	
12.2	153.01	0.5	0.5	virtual
13	155.05	0.5	0.5	
13.2	157.08	0.5	0.4	
13.3	158.1	0.5	0.4	virtual
14	159.13	0.5	0.5	
14.2	161.15	0.5	0.5	virtual
15	163.18	0.5	0.5	
15.2	165.2	0.5	0.5	virtual
16	167.21	0.5	0.4	
16.1	168.22	0.5	0.4	virtual
16.2	169.22	0.5	0.5	virtual
17	171.24	0.5	0.5	
17.2	173.24	0.5	0.5	virtual
18	175.25	0.5	0.4	
18.1	176.26	0.5	0.4	virtual
18.2	177.26	0.5	0.5	virtual
19	179.27	0.5	0.5	
19.2	181.28	0.5	0.5	virtual
20	183.3	0.5	0.5	
20.2	185.3	0.5	0.5	virtual
21	187.31	0.5	0.5	
21.2	189.33	0.5	0.5	virtual
22	191.34	0.5	0.5	
22.2	193.35	0.5	0.5	virtual
23	195.35	0.5	0.5	
24	199.38	0.5	0.5	
25	203.43	0.5	0.5	
26	207.46	0.5	0.5	
27	211.51	0.5	0.5	
Marker Name	D2S1338			
10	220.14	0.5	0.5	
11	224.15	0.5	0.5	virtual
12	228.16	0.5	0.5	
13	232.2	0.5	0.5	virtual
14	236.24	0.5	0.5	
15	240.29	0.5	0.5	
16	244.33	0.5	0.5	
17	248.38	0.5	0.5	
18	252.46	0.5	0.5	
18.3	255.51	0.5	0.4	virtual
19	256.53	0.5	0.5	
19.3	259.58	0.5	0.4	virtual
20	260.6	0.5	0.5	
21	264.65	0.5	0.5	
22	268.69	0.5	0.5	
23	272.73	0.5	0.5	
23.2	274.73	0.5	0.4	virtual
23.3	275.73	0.5	0.4	virtual
24	276.73	0.5	0.5	
24.2	278.72	0.5	0.5	virtual
25	280.71	0.5	0.5	
26	284.68	0.5	0.5	
27	288.63	0.5	0.5	
28	292.57	0.5	0.5	
Marker Name	CSF1PO			
5	314.01	0.5	0.5	
6	318.03	0.5	0.5	
7	322.08	0.5	0.5	
7.3	325.11	0.5	0.4	virtual
8	326.12	0.5	0.4	
8.1	327.14	0.5	0.5	virtual
9	330.19	0.5	0.4	
9.1	331.21	0.5	0.5	virtual
10	334.27	0.5	0.4	
10.1	335.28	0.5	0.4	virtual
10.2	336.3	0.5	0.4	virtual
10.3	337.31	0.5	0.4	virtual
11	338.32	0.5	0.4	
11.1	339.34	0.5	0.5	virtual
11.3	341.37	0.5	0.4	virtual
12	342.38	0.5	0.5	
12.3	345.44	0.5	0.4	virtual
13	346.46	0.5	0.5	
14	350.5	0.5	0.5	
15	354.5	0.5	0.5	
16	358.5	0.5	0.5	
Marker Name	Penta D			
2.2	375.52	0.5	0.5	
3.2	380.65	0.5	0.5	
5	388.85	0.5	0.5	
6	393.95	0.5	0.5	
7	399.07	0.5	0.5	
7.4	403.1	0.5	0.4	virtual
8	404.1	0.5	0.5	
9	409.12	0.5	0.5	
9.2	411.12	0.5	0.5	virtual
9.4	413.12	0.5	0.4	virtual
10	414.12	0.5	0.5	
11	419.12	0.5	0.5	
11.2	421.1	0.5	0.5	virtual
12	424.13	0.5	0.5	
12.2	426.14	0.5	0.5	virtual
13	429.35	0.5	0.5	
13.4	433.53	0.5	0.4	virtual
14	434.57	0.5	0.4	
14.1	435.61	0.5	0.5	virtual
15	439.77	0.5	0.5	
16	445	0.5	0.5	
17	450.18	0.5	0.5	
18	455.4	0.5	0.5	virtual
Marker Name	TH01			
3	70.91	0.5	0.5	
4	74.92	0.5	0.5	
5	78.88	0.5	0.5	
6	82.87	0.5	0.5	
7	86.87	0.5	0.5	
8	90.88	0.5	0.5	
8.3	93.89	0.5	0.4	virtual
9	94.89	0.5	0.5	
9.3	97.9	0.5	0.4	
10	98.93	0.5	0.5	
10.3	102	0.5	0.4	virtual
11	103.02	0.5	0.5	
13.3	114.45	0.5	0.5	
Marker Name	vWA			
10	127.6	0.5	0.5	
11	131.73	0.5	0.5	
12	135.72	0.5	0.5	
13	139.76	0.5	0.5	
14	143.82	0.5	0.5	
15	147.87	0.5	0.5	
15.2	149.89	0.5	0.5	virtual
16	151.91	0.5	0.5	
17	155.95	0.5	0.5	
18	159.97	0.5	0.5	
19	163.97	0.5	0.5	
20	167.97	0.5	0.5	
21	171.94	0.5	0.5	
22	175.89	0.5	0.5	
23	179.88	0.5	0.5	
24	183.88	0.5	0.5	
25	187.87	0.5	0.5	virtual
Marker Name	D21S11			
23.2	202.08	0.5	0.5	virtual
24	204.07	0.5	0.5	
24.2	206.08	0.5	0.4	
24.3	207.07	0.5	0.4	virtual
25	208.07	0.5	0.5	
25.2	210.07	0.5	0.4	
25.3	211.07	0.5	0.4	virtual
26	212.06	0.5	0.5	
26.2	214.09	0.5	0.5	virtual
27	216.11	0.5	0.4	
27.1	217.1	0.5	0.4	virtual
27.2	218.09	0.5	0.5	virtual
28	220.08	0.5	0.4	
28.1	221.09	0.5	0.4	virtual
28.2	222.1	0.5	0.4	
28.3	223.09	0.5	0.4	virtual
29	224.08	0.5	0.4	
29.1	225.08	0.5	0.4	virtual
29.2	226.08	0.5	0.4	
29.3	227.1	0.5	0.4	virtual
30	228.13	0.5	0.5	
30.2	230.11	0.5	0.4	
30.3	231.14	0.5	0.4	virtual
31	232.17	0.5	0.4	
31.1	233.15	0.5	0.4	virtual
31.2	234.13	0.5	0.5	
32	236.22	0.5	0.4	
32.1	237.21	0.5	0.4	virtual
32.2	238.2	0.5	0.5	
33	240.31	0.5	0.4	
33.1	241.28	0.5	0.4	virtual
33.2	242.25	0.5	0.5	
34	244.28	0.5	0.4	
34.1	245.3	0.5	0.4	virtual
34.2	246.31	0.5	0.5	
35	248.32	0.5	0.4	
35.1	249.34	0.5	0.4	virtual
35.2	250.36	0.5	0.5	
36	252.44	0.5	0.4	
36.1	253.44	0.5	0.4	virtual
36.2	254.44	0.5	0.5	virtual
37	256.43	0.5	0.5	
37.2	258.46	0.5	0.5	virtual
38	260.48	0.5	0.5	
38.2	262.5	0.5	0.5	virtual
39	264.5	0.5	0.5	virtual
Marker Name	D7S820			
5	269.23	0.5	0.5	
6	273.29	0.5	0.5	
6.3	276.32	0.5	0.4	virtual
7	277.33	0.5	0.5	
7.3	280.33	0.5	0.4	virtual
8	281.33	0.5	0.4	
8.1	282.33	0.5	0.5	virtual
8.3	284.33	0.5	0.4	virtual
9	285.33	0.5	0.4	
9.1	286.33	0.5	0.5	virtual
9.3	288.32	0.5	0.4	virtual
10	289.32	0.5	0.4	
10.1	290.32	0.5	0.5	virtual
10.3	292.32	0.5	0.4	virtual
11	293.31	0.5	0.4	
11.1	294.31	0.5	0.5	virtual
11.3	296.31	0.5	0.4	virtual
12	297.32	0.5	0.4	
12.1	298.32	0.5	0.5	virtual
13	301.34	0.5	0.4	
13.1	302.35	0.5	0.5	virtual
14	305.37	0.5	0.5	
15	309.42	0.5	0.5	
16	313.44	0.5	0.5	
Marker Name	D5S818			
5	318	0.5	0.5	virtual
6	322.06	0.5	0.5	
7	326.09	0.5	0.5	
8	330.17	0.5	0.5	
9	334.23	0.5	0.5	
10	338.3	0.5	0.4	
10.1	339.31	0.5	0.5	virtual
11	342.35	0.5	0.4	
11.1	343.37	0.5	0.5	virtual
12	346.42	0.5	0.4	
12.1	347.43	0.5	0.5	virtual
12.3	349.45	0.5	0.4	virtual
13	350.46	0.5	0.5	
14	354.45	0.5	0.5	
15	358.44	0.5	0.5	
16	362.42	0.5	0.5	
17	366.4	0.5	0.5	
18	370.4	0.5	0.5	
19	374.37	0.5	0.5	virtual
Marker Name	TPOX			
4	393.53	0.5	0.5	
5	397.7	0.5	0.5	
6	401.68	0.5	0.5	
7	405.67	0.5	0.4	
7.1	406.66	0.5	0.5	virtual
7.3	408.63	0.5	0.4	virtual
8	409.62	0.5	0.5	
9	413.59	0.5	0.5	
10	417.5	0.5	0.4	
10.1	418.51	0.5	0.5	virtual
11	421.54	0.5	0.5	
12	425.48	0.5	0.5	
13	429.68	0.5	0.5	
14	433.81	0.5	0.5	
15	437.95	0.5	0.5	
16	442.06	0.5	0.5	
Marker Name	D8S1179			
7	76.81	0.5	0.5	
8	80.81	0.5	0.5	
9	84.85	0.5	0.5	
10	88.9	0.5	0.5	
11	92.96	0.5	0.5	
12	97.04	0.5	0.5	
13	101.25	0.5	0.5	
14	105.39	0.5	0.5	
15	109.52	0.5	0.5	
16	113.69	0.5	0.5	
17	117.93	0.5	0.5	
18	121.96	0.5	0.5	
19	126.15	0.5	0.5	
20	130.23	0.5	0.4	virtual
Marker Name	D12S391			
13	131.88	0.4	0.5	virtual
14	135.93	0.5	0.5	
15	139.97	0.5	0.5	
16	144.03	0.5	0.5	
17	148.08	0.5	0.5	
17.1	149.07	0.4	0.5	virtual
17.3	151.06	0.5	0.5	
18	152.12	0.4	0.5	
18.1	153.12	0.4	0.5	virtual
18.3	155.11	0.5	0.5	
19	156.16	0.4	0.5	
19.1	157.17	0.4	0.5	virtual
19.3	159.19	0.5	0.5	virtual
20	160.2	0.4	0.5	
20.1	161.21	0.4	0.5	virtual
20.3	163.22	0.5	0.5	virtual
21	164.22	0.4	0.5	
22	168.23	0.5	0.5	
23	172.37	0.5	0.5	
24	176.37	0.5	0.5	
24.3	179.33	0.5	0.5	virtual
25	180.32	0.4	0.5	
26	184.34	0.5	0.5	
27	188.35	0.5	0.5	
Marker Name	D19S433			
5.2	193.17	0.5	0.5	
6.2	197.11	0.5	0.5	
7	199.06	0.5	0.5	virtual
8	203	0.5	0.5	
9	206.94	0.5	0.5	
9.2	208.92	0.5	0.5	virtual
10	210.9	0.5	0.5	
10.2	212.87	0.5	0.5	virtual
11	214.84	0.5	0.5	
11.2	216.81	0.5	0.5	virtual
12	218.79	0.5	0.4	
12.1	219.79	0.5	0.4	virtual
12.2	220.8	0.5	0.5	
13	222.76	0.5	0.5	
13.2	224.75	0.5	0.5	
14	226.74	0.5	0.5	
14.2	228.74	0.5	0.5	
15	230.72	0.5	0.5	
15.2	232.72	0.5	0.5	
16	234.69	0.5	0.5	
16.2	236.7	0.5	0.5	
17	238.67	0.5	0.5	
17.2	240.69	0.5	0.5	
18	242.66	0.5	0.5	
18.2	244.66	0.5	0.5	
19	246.64	0.5	0.5	virtual
19.2	248.63	0.5	0.5	virtual
20	250.61	0.5	0.5	virtual
20.2	252.6	0.5	0.5	virtual
Marker Name	FGA			
12.2	260.96	0.5	0.5	virtual
13	262.91	0.5	0.5	virtual
14	266.79	0.5	0.5	
15	270.7	0.5	0.5	
16	274.57	0.5	0.4	
16.1	275.54	0.5	0.5	virtual
17	278.43	0.5	0.5	
17.2	280.35	0.5	0.5	virtual
18	282.26	0.5	0.5	
18.2	284.13	0.5	0.5	
19	286.09	0.5	0.5	
19.2	287.96	0.5	0.4	
19.3	288.94	0.5	0.4	virtual
20	289.91	0.5	0.4	
20.1	290.85	0.5	0.4	virtual
20.2	291.78	0.5	0.4	
20.3	292.75	0.5	0.4	virtual
21	293.73	0.5	0.5	
21.2	295.62	0.5	0.4	
21.3	296.6	0.5	0.4	virtual
22	297.58	0.5	0.4	
22.1	298.51	0.5	0.4	virtual
22.2	299.43	0.5	0.4	
22.3	300.42	0.5	0.4	virtual
23	301.42	0.5	0.4	
23.1	302.36	0.5	0.4	virtual
23.2	303.31	0.5	0.4	
23.3	304.3	0.5	0.4	virtual
24	305.29	0.5	0.4	
24.1	306.24	0.5	0.4	virtual
24.2	307.18	0.5	0.4	
24.3	308.17	0.5	0.4	virtual
25	309.16	0.5	0.4	
25.1	310.11	0.5	0.4	virtual
25.2	311.06	0.5	0.4	
25.3	312.05	0.5	0.4	virtual
26	313.04	0.5	0.4	
26.1	314.01	0.5	0.4	virtual
26.2	314.98	0.5	0.5	virtual
27	316.92	0.5	0.5	
27.2	318.9	0.5	0.5	virtual
28	320.88	0.5	0.5	
28.2	322.82	0.5	0.5	virtual
29	324.77	0.5	0.5	
29.2	326.73	0.5	0.5	virtual
30	328.7	0.5	0.5	
30.2	330.74	0.5	0.5	virtual
31	332.78	0.5	0.5	virtual
31.2	334.82	0.5	0.5	
32.2	338.75	0.5	0.5	
33.2	342.67	0.5	0.5	
34.2	346.59	0.5	0.5	virtual
41.2	374.17	0.5	0.5	virtual
42.2	378.1	0.5	0.5	
43.2	382.06	0.5	0.5	
44.2	385.93	0.5	0.5	
45.2	389.86	0.5	0.5	
46.2	393.64	0.5	0.5	
47.2	397.58	0.5	0.5	virtual
48.2	401.44	0.5	0.5	
49.2	405.35	0.5	0.5	virtual
50.2	409.06	0.5	0.5	
