Version	GMID-X v 1.2		
Chemistry Kit	Investigator_Panels_v7x		
BinSet Name	Investigator_Bins_v7x		
Panel Name	24plex_Panels_v2		
Marker Name	AMEL		
1	77	0.5	0.5
2	80	0.5	0.5
Marker Name	TH01		
3	87	0.5	0.5	virtual
4	91	0.5	0.5
5	95	0.5	0.5
6	99	0.5	0.5
6.3	102	0.5	0.48	virtual
7	103	0.48	0.5
7.3	106	0.5	0.48	virtual
8	107	0.48	0.5
8.3	110	0.5	0.48	virtual
9	111	0.48	0.48
9.1	112	0.48	0.5	virtual
9.3	114	0.5	0.48
10	115	0.48	0.5
10.3	118	0.5	0.48
11	119	0.48	0.5
12	123	0.5	0.5	virtual
13	127	0.5	0.5
13.3	130	0.5	0.48
14	131	0.48	0.5	virtual
Marker Name	D3S1358		
8	143	0.5	0.5	virtual
9	147	0.5	0.5
10	151	0.5	0.5
11	155	0.5	0.5
12	159	0.5	0.5
13	163	0.5	0.5
14	167	0.5	0.5
15	171	0.5	0.5
16	175	0.5	0.5
17	179	0.5	0.5
18	183	0.5	0.5
19	187	0.5	0.5
20	191	0.5	0.5
21	195	0.5	0.5
26	215	0.5	0.5	virtual
Marker Name	vWA		
10	239	0.5	0.5	virtual
11	243	0.5	0.5
12	247	0.5	0.5
13	251	0.5	0.5
14	255	0.5	0.5
15	259	0.5	0.5
16	263	0.5	0.5
17	267	0.5	0.5
18	271	0.5	0.5
19	275	0.5	0.5
20	279	0.5	0.5
21	283	0.5	0.5
22	287	0.5	0.5
23	291	0.5	0.5
24	295	0.5	0.5
25	299	0.5	0.5	virtual
26	303	0.5	0.5	virtual
Marker Name	D21S11		
23.2	329	0.5	0.5	virtual
24	331	0.5	0.5
24.2	333	0.5	0.48
24.3	334	0.48	0.48	virtual
25	335	0.48	0.5
25.2	337	0.5	0.5	virtual
26	339	0.5	0.5
26.2	341	0.5	0.5
27	343	0.5	0.5
28	347	0.5	0.5
28.2	349	0.5	0.48
28.3	350	0.48	0.48	virtual
29	351	0.48	0.5
29.2	353	0.5	0.48
29.3	354	0.48	0.48	virtual
30	355	0.48	0.5
30.2	357	0.5	0.48
30.3	358	0.48	0.48	virtual
31	359	0.48	0.5
31.2	361	0.5	0.5
32	363	0.5	0.5
32.2	365	0.5	0.5
33	367	0.5	0.48
33.1	368	0.48	0.48	virtual
33.2	369	0.48	0.5
34	371	0.5	0.48
34.1	372	0.48	0.48	virtual
34.2	373	0.48	0.5
35	375	0.5	0.5
35.2	377	0.5	0.5
36	379	0.5	0.5
36.2	381	0.5	0.5
37	383	0.5	0.5
37.2	385	0.5	0.5	virtual
38	387	0.5	0.5
38.2	389	0.5	0.5	virtual
39	391	0.5	0.5	virtual
41.2	401	0.5	0.5	virtual
46	419	0.5	0.5	virtual
Marker Name	TPOX		
4	81	0.5	0.5
5	85	0.5	0.5
6	89	0.5	0.5
7	93	0.5	0.5
8	97	0.5	0.5
9	101	0.5	0.5
10	105	0.5	0.5
11	109	0.5	0.5
12	113	0.5	0.5
13	117	0.5	0.5
14	121	0.5	0.5
15	125	0.5	0.5
Marker Name	DYS391		
7	130	0.5	0.5
8	134	0.5	0.5
9	138	0.5	0.5
10	142	0.5	0.5
11	146	0.5	0.5
12	150	0.5	0.5
13	154	0.5	0.5
Marker Name	D1S1656		
10	156	0.5	0.5
11	160	0.5	0.5
12	164	0.5	0.5
13	168	0.5	0.5
14	172	0.5	0.5
14.3	175	0.5	0.48
15	176	0.48	0.5
15.3	179	0.5	0.48
16	180	0.48	0.5
16.3	183	0.5	0.48
17	184	0.48	0.48
17.1	185	0.48	0.5	virtual
17.3	187	0.5	0.48
18	188	0.48	0.5
18.3	191	0.5	0.48
19	192	0.48	0.5	virtual
19.3	195	0.5	0.5
20.3	199	0.5	0.5
21	200	0.5	0.5	virtual
Marker Name	D12S391		
14	204	0.5	0.5
15	208	0.5	0.5
16	212	0.5	0.5
17	216	0.5	0.5
17.3	219	0.5	0.48
18	220	0.48	0.5
18.3	223	0.5	0.48
19	224	0.48	0.5
19.3	227	0.5	0.48	virtual
20	228	0.48	0.5
20.3	231	0.5	0.48	virtual
21	232	0.48	0.5
22	236	0.5	0.5
22.2	238	0.5	0.5	virtual
23	240	0.5	0.5
24	244	0.5	0.5
24.3	247	0.5	0.48	virtual
25	248	0.48	0.5
26	252	0.5	0.5
27	256	0.5	0.48
Marker Name	SE33		
3	277	0.5	0.5
4.2	283	0.5	0.5
5.3	288	0.5	0.5	virtual
6.3	292	0.5	0.48
7	293	0.48	0.5	virtual
8	297	0.5	0.5
9	301	0.48	0.5
10	305	0.5	0.5
10.2	307	0.5	0.5	virtual
11	309	0.5	0.5
11.2	311	0.5	0.5	virtual
12	313	0.5	0.5
12.2	315	0.5	0.5	virtual
13	317	0.5	0.5
13.2	319	0.5	0.48
13.3	320	0.48	0.48
14	321	0.48	0.5
14.2	323	0.5	0.48
14.3	324	0.48	0.48	virtual
15	325	0.48	0.5
15.2	327	0.5	0.5
16	329	0.5	0.5
16.2	331	0.5	0.48	virtual
16.3	332	0.48	0.48	virtual
17	333	0.48	0.5
17.2	335	0.5	0.48	virtual
17.3	336	0.48	0.48	virtual
18	337	0.48	0.5
18.2	339	0.5	0.48
18.3	340	0.48	0.48	virtual
19	341	0.48	0.5
19.2	343	0.5	0.5
20	345	0.5	0.48
20.1	346	0.48	0.48	virtual
20.2	347	0.48	0.5
21	349	0.5	0.5
21.2	351	0.5	0.5
22	353	0.5	0.5
22.2	355	0.5	0.5
23	357	0.5	0.48	virtual
23.1	358	0.48	0.48	virtual
23.2	359	0.48	0.48
23.3	360	0.48	0.48
24	361	0.48	0.5	virtual
24.2	363	0.5	0.5
25	365	0.5	0.5
25.2	367	0.5	0.5
26	369	0.5	0.5	virtual
26.2	371	0.5	0.5
27	373	0.5	0.5	virtual
27.2	375	0.5	0.48
27.3	376	0.48	0.48	virtual
28	377	0.48	0.5	virtual
28.2	379	0.5	0.48
28.3	380	0.48	0.48	virtual
29	381	0.48	0.5	virtual
29.2	383	0.5	0.48
29.3	384	0.48	0.48	virtual
30	385	0.48	0.5	virtual
30.2	387	0.5	0.48
30.3	388	0.48	0.48	virtual
31	389	0.48	0.48
31.1	390	0.48	0.48	virtual
31.2	391	0.48	0.5
32	393	0.5	0.5
32.2	395	0.5	0.5
33	397	0.5	0.5
33.2	399	0.5	0.5
34	401	0.5	0.5
34.2	403	0.5	0.5
35	405	0.5	0.5
35.2	407	0.5	0.5	virtual
36	409	0.5	0.5
36.2	411	0.5	0.5
37	413	0.5	0.5
37.2	415	0.5	0.5	virtual
38	417	0.5	0.5
39	421	0.5	0.5
39.2	423	0.5	0.5	virtual
42	433	0.5	0.5
Marker Name	D10S1248		
8	88	0.5	0.5
9	92	0.5	0.5
10	96	0.5	0.5
11	100	0.5	0.5
12	104	0.5	0.5
13	108	0.5	0.5
14	112	0.5	0.5
15	116	0.5	0.5
16	120	0.5	0.5
17	124	0.5	0.5
18	128	0.5	0.5
19	132	0.5	0.5
21	140	0.5	0.5	virtual
Marker Name	D22S1045		
7	147	0.5	0.5	virtual
8	150	0.5	0.5
9	153	0.5	0.5
10	156	0.5	0.5
11	159	0.5	0.5
12	162	0.5	0.5
13	165	0.5	0.5
14	168	0.5	0.5
15	171	0.5	0.5
16	174	0.5	0.5
17	177	0.5	0.5
18	180	0.5	0.5
19	183	0.5	0.5
20	186	0.5	0.5	virtual
Marker Name	D19S433		
5.2	218	0.5	0.5	virtual
6	220	0.5	0.5	virtual
6.2	222	0.5	0.5
7	224	0.5	0.5	virtual
8	228	0.5	0.5
9	232	0.5	0.5
10	236	0.5	0.5
11	240	0.5	0.5
12	244	0.5	0.5
12.2	246	0.5	0.5
13	248	0.5	0.5
13.2	250	0.5	0.5
14	252	0.5	0.5
14.2	254	0.5	0.5
15	256	0.5	0.5
15.2	258	0.5	0.5
16	260	0.5	0.48
16.1	261	0.48	0.48	virtual
16.2	262	0.48	0.5
17	264	0.5	0.5
17.2	266	0.5	0.5
18	268	0.5	0.5	virtual
18.2	270	0.5	0.5
19	272	0.5	0.5	virtual
19.2	274	0.5	0.5	virtual
20	276	0.5	0.5	virtual
Marker Name	D8S1179		
6	284	0.5	0.5	virtual
7	288	0.5	0.5
8	292	0.5	0.5
9	296	0.5	0.5
10	300	0.5	0.5
11	304	0.5	0.5
12	308	0.5	0.5
13	312	0.5	0.5
14	316	0.5	0.5
15	320	0.5	0.5
16	324	0.5	0.5
17	328	0.5	0.5
18	332	0.5	0.5
19	336	0.5	0.5
20	340	0.5	0.5	virtual
21.2	346	0.5	0.5	virtual
Marker Name	D2S1338		
10	365	0.5	0.5	virtual
11	369	0.5	0.5	virtual
12	373	0.5	0.5
13	377	0.5	0.5	virtual
14	381	0.5	0.5
15	385	0.5	0.5
16	389	0.5	0.5
17	393	0.5	0.5
18	397	0.5	0.5
19	401	0.5	0.5
20	405	0.5	0.5
21	409	0.5	0.5
22	413	0.5	0.5
23	417	0.5	0.5
24	421	0.5	0.5
25	425	0.5	0.5
26	429	0.5	0.5
27	433	0.5	0.5
28	437	0.5	0.5
Marker Name	D2S441		
8	84	0.5	0.5
9	88	0.5	0.48
9.1	89	0.48	0.5	virtual
10	92	0.5	0.5
11	96	0.5	0.5
11.3	99	0.5	0.48
12	100	0.48	0.5
12.3	103	0.5	0.48	virtual
13	104	0.48	0.48
13.1	105	0.48	0.5	virtual
13.3	107	0.5	0.48	virtual
14	108	0.48	0.5
14.3	111	0.5	0.48	virtual
15	112	0.48	0.5
16	116	0.5	0.5
17	120	0.5	0.5
19	128	0.5	0.5	virtual
Marker Name	D18S51		
5.3	138	0.5	0.5	virtual
7	143	0.5	0.5	virtual
8	147	0.5	0.5
9	151	0.5	0.5
9.2	153	0.5	0.5	virtual
10	155	0.5	0.5
10.2	157	0.5	0.5
11	159	0.5	0.5
11.2	161	0.5	0.5	virtual
12	163	0.5	0.5
12.2	165	0.5	0.5	virtual
13	167	0.5	0.5
13.2	169	0.5	0.5
14	171	0.5	0.5
14.2	173	0.5	0.5
15	175	0.5	0.5
15.2	177	0.5	0.5	virtual
16	179	0.5	0.5
16.2	181	0.5	0.5	virtual
17	183	0.5	0.5
17.2	185	0.5	0.48
17.3	186	0.48	0.48	virtual
18	187	0.48	0.5
18.2	189	0.5	0.5
19	191	0.5	0.5
19.2	193	0.5	0.5	virtual
20	195	0.5	0.5
21	199	0.5	0.5
21.2	201	0.5	0.5
22	203	0.5	0.5
23	207	0.5	0.48
23.1	208	0.48	0.5	virtual
24	211	0.5	0.5
25	215	0.5	0.5
26	219	0.5	0.5
27	223	0.5	0.5
28	227	0.5	0.5
28.3	230	0.5	0.5	virtual
39.2	273	0.5	0.5	virtual
42	283	0.5	0.5	virtual
Marker Name	FGA		
12.2	289	0.5	0.5	virtual
13	291	0.5	0.5	virtual
14	295	0.5	0.5
15	299	0.5	0.5	virtual
16	303	0.5	0.48
16.1	304	0.48	0.48	virtual
16.2	305	0.48	0.5	virtual
17	307	0.5	0.5
17.2	309	0.5	0.5	virtual
18	311	0.5	0.5
18.2	313	0.5	0.5
19	315	0.5	0.5
19.2	317	0.5	0.5
20	319	0.5	0.5
20.2	321	0.5	0.5
21	323	0.5	0.5
21.2	325	0.5	0.5
22	327	0.5	0.5
22.2	329	0.5	0.48
22.3	330	0.48	0.48	virtual
23	331	0.48	0.5
23.2	333	0.5	0.48
23.3	334	0.48	0.48	virtual
24	335	0.48	0.48
24.1	336	0.48	0.48	virtual
24.2	337	0.48	0.5
25	339	0.5	0.5
25.2	341	0.5	0.5
26	343	0.5	0.5
26.2	345	0.5	0.5	virtual
27	347	0.5	0.5
28	351	0.5	0.5
29	355	0.5	0.5
30	359	0.5	0.5
30.2	361	0.5	0.5
31	363	0.5	0.5	virtual
31.2	365	0.5	0.5
32.2	369	0.5	0.5	virtual
33	371	0.5	0.5
33.2	373	0.5	0.5	virtual
34	375	0.5	0.5
34.2	377	0.5	0.5	virtual
35.2	381	0.5	0.5	virtual
37.2	389	0.5	0.5
41.2	405	0.5	0.5	virtual
42.2	409	0.5	0.5
43.2	413	0.5	0.5
44.2	417	0.5	0.5
45.2	421	0.5	0.5
46.2	425	0.5	0.5
47.2	429	0.5	0.5
48.2	433	0.5	0.5
49.2	437	0.5	0.5
50.2	441	0.5	0.5
51.2	445	0.5	0.5
Marker Name	QS1		
1	73.5	0.5	0.5
2	76	0.5	0.5
Marker Name	D16S539		
4	86	0.5	0.5	virtual
5	90	0.5	0.5
6	94	0.5	0.5	virtual
7	98	0.5	0.5	virtual
8	102	0.5	0.5
9	106	0.5	0.5
10	110	0.5	0.5
11	114	0.5	0.5
12	118	0.5	0.5
13	122	0.5	0.5
14	126	0.5	0.5
15	130	0.5	0.5
16	134	0.5	0.5	virtual
19	146	0.5	0.5	virtual
Marker Name	CSF1PO		
4	155	0.5	0.5	virtual
5	159	0.5	0.5
6	163	0.5	0.5
7	167	0.5	0.5
8	171	0.5	0.5
9	175	0.5	0.5
10	179	0.5	0.5
11	183	0.5	0.5
12	187	0.5	0.5
13	191	0.5	0.5
14	195	0.5	0.5
15	199	0.5	0.5
16	203	0.5	0.5
18	211	0.5	0.5	virtual
Marker Name	D13S317		
5	224	0.5	0.5
6	228	0.5	0.5
7	232	0.5	0.5
8	236	0.5	0.5
9	240	0.5	0.5
10	244	0.5	0.5
11	248	0.5	0.5
12	252	0.5	0.5
13	256	0.5	0.5
14	260	0.5	0.5
15	264	0.5	0.5
16	268	0.5	0.5
17	272	0.5	0.5
Marker Name	D5S818		
6	292	0.5	0.5
7	296	0.5	0.5
8	300	0.5	0.5
9	304	0.5	0.5
10	308	0.5	0.5
11	312	0.5	0.48
11.1	313	0.48	0.5	virtual
12	316	0.5	0.5
13	320	0.5	0.5
14	324	0.5	0.5
15	328	0.5	0.5
16	332	0.5	0.5
17	336	0.5	0.5
18	340	0.5	0.5
Marker Name	D7S820		
5	348	0.5	0.5
6	352	0.5	0.5
6.3	355	0.5	0.48	virtual
7	356	0.48	0.5
7.3	359	0.5	0.48	virtual
8	360	0.48	0.48
8.1	361	0.48	0.5	virtual
9	364	0.5	0.48
9.1	365	0.48	0.5	virtual
9.3	367	0.5	0.48	virtual
10	368	0.48	0.48
10.1	369	0.48	0.5	virtual
10.3	371	0.5	0.48	virtual
11	372	0.48	0.48
11.1	373	0.48	0.5	virtual
12	376	0.5	0.5
13	380	0.5	0.5
14	384	0.5	0.5
15	388	0.5	0.5
16	392	0.5	0.5
Marker Name	QS2		
1	430.5	0.5	0.5
2	435.5	0.5	0.5
